Iteration	CPUTime	PhysTime	Travels	Value	AvValue	MinValue	MaxValue	Delta	Criteria	PrevAvRefValue	Progress	CriteriaType	CriteriaVarType	CriteriaPercentage
1	1	0	0.00227272727	-576.627019	-576.627019	-576.627019	-576.627019	0	0	0	0	0	0	3
5	1	0	0.0113636364	-580.957246	-578.792132	-580.957246	-576.627019	2.16511378	0	0	0	0	0	3
10	1	0	0.0227272727	-593.374874	-583.653046	-593.374874	-576.627019	7.02602761	0	0	0	0	0	3
15	2	0	0.0340909091	-604.935656	-588.973699	-604.935656	-576.627019	12.3466801	0	0	0	0	0	3
20	2	0	0.0454545455	-615.244291	-594.227817	-615.244291	-576.627019	17.6007985	0	0	0	0	0	3
25	3	0	0.0568181818	-624.541167	-599.280042	-624.541167	-576.627019	22.6530235	0	0	0	0	0	3
30	3	0	0.0681818182	-632.490131	-604.024341	-632.490131	-576.627019	27.3973219	0	0	0	0	0	3
35	4	0	0.0795454545	-638.66994	-608.35504	-638.66994	-576.627019	31.7280218	0	0	0	0	0	3
40	4	0	0.0909090909	-643.340189	-612.242279	-643.340189	-576.627019	35.6152606	0	0	0	0	0	3
45	5	0	0.102272727	-646.395234	-615.657575	-646.395234	-576.627019	39.030556	0	0	0	0	0	3
50	5	0	0.113636364	-648.054855	-618.602782	-648.054855	-576.627019	41.9757633	0	0	0	0	0	3
55	6	0	0.125	-647.825052	-621.037971	-648.054855	-576.627019	44.4109525	0	0	0	0	0	3
60	6	0	0.136363636	-646.041592	-622.961327	-648.054855	-576.627019	46.334308	0	0	0	0	0	3
65	7	0	0.147727273	-642.734407	-624.373689	-648.054855	-576.627019	47.7466708	0	0	0	0	0	3
70	7	0	0.159090909	-638.456541	-625.312546	-648.054855	-576.627019	48.6855276	0	0	0	0	0	3
75	8	0	0.170454545	-633.846022	-625.845888	-648.054855	-576.627019	49.2188699	0	0	0	0	0	3
80	8	0	0.181818182	-629.112453	-626.038039	-648.054855	-576.627019	49.4110207	0	0	0	0	0	3
85	9	0	0.193181818	-624.631546	-625.959901	-648.054855	-576.627019	49.4110207	0	0	0	0	0	3
90	9	0	0.204545455	-619.961386	-625.644189	-648.054855	-576.627019	49.4110207	0	0	0	0	0	3
95	10	0	0.215909091	-614.821743	-625.103067	-648.054855	-576.627019	49.4110207	0	0	0	0	0	3
100	10	0	0.227272727	-609.672484	-624.368277	-648.054855	-576.627019	49.4110207	0	0	0	0	0	3
105	11	0	0.238636364	-604.750745	-623.476571	-648.054855	-576.627019	49.4110207	0	0	0	0	0	3
110	11	0	0.25	-600.119653	-622.461053	-648.054855	-576.627019	49.4110207	0	0	0	0	0	3
115	12	0	0.261363636	-596.111697	-621.363163	-648.054855	-576.627019	49.4110207	0	0	0	0	0	3
120	12	0	0.272727273	-592.970707	-620.227465	-648.054855	-576.627019	49.4110207	0	0	0	0	0	3
125	13	0	0.284090909	-590.866914	-619.098213	-648.054855	-576.627019	49.4110207	0	0	0	0	0	3
130	13	0	0.295454545	-589.916482	-618.017408	-648.054855	-576.627019	49.4110207	0	0	0	0	0	3
135	14	0	0.306818182	-590.043424	-617.018337	-648.054855	-576.627019	49.4110207	0	0	0	0	0	3
140	14	0	0.318181818	-591.200049	-616.128052	-648.054855	-576.627019	49.4110207	0	0	0	0	0	3
145	15	0	0.329545455	-593.25121	-615.36549	-648.054855	-576.627019	49.4110207	0	0	0	0	0	3
150	16	0	0.340909091	-596.060157	-614.742738	-648.054855	-576.627019	49.4110207	0	0	0	0	0	3
155	16	0	0.352272727	-599.398913	-614.263243	-648.054855	-576.627019	49.4110207	0	0	0	0	0	3
160	17	0	0.363636364	-602.937099	-613.920027	-648.054855	-576.627019	49.4110207	0	0	0	0	0	3
165	17	0	0.375	-606.379701	-613.698252	-648.054855	-576.627019	49.4110207	0	0	0	0	0	3
170	18	0	0.386363636	-609.398175	-613.575393	-648.054855	-576.627019	49.4110207	0	0	0	0	0	3
175	18	0	0.397727273	-611.810295	-613.526362	-648.054855	-576.627019	49.4110207	0	0	0	0	0	3
180	19	0	0.409090909	-613.586621	-613.527991	-648.054855	-576.627019	49.4110207	0	0	0	0	0	3
185	20	0	0.420454545	-614.680236	-613.558313	-648.054855	-576.627019	49.4110207	0	0	0	0	0	3
190	20	0	0.431818182	-615.13916	-613.598848	-648.054855	-576.627019	49.4110207	0	0	0	0	0	3
195	21	0	0.443181818	-615.033858	-613.634723	-648.054855	-576.627019	49.4110207	0	0	0	0	0	3
200	21	0	0.454545455	-614.542057	-613.656853	-648.054855	-576.627019	49.4110207	0	0	0	0	0	3
205	22	0	0.465909091	-613.819413	-613.660724	-648.054855	-576.627019	49.4110207	0	0	0	0	0	3
210	23	0	0.477272727	-612.946776	-613.64412	-648.054855	-576.627019	49.4110207	0	0	0	0	0	3
215	23	0	0.488636364	-612.106207	-613.609168	-648.054855	-576.627019	49.4110207	0	0	0	0	0	3
220	24	0	0.5	-611.338034	-613.558698	-648.054855	-576.627019	49.4110207	0	0	0	0	0	3
225	25	0	0.511363636	-610.693092	-615.073869	-648.054855	-589.916482	42.3849931	0	0	0	0	0	3
230	25	0	0.522727273	-610.241563	-615.457203	-648.054855	-589.916482	37.0643406	0	0	0	0	0	3
235	26	0	0.534090909	-609.997572	-615.572246	-648.054855	-589.916482	31.8102222	0	0	0	0	0	3
240	26	0	0.545454545	-609.985619	-615.448099	-648.054855	-589.916482	31.8102222	0	0	0	0	0	3
245	27	0	0.556818182	-610.227731	-615.33662	-648.054855	-589.916482	26.7579972	0	0	0	0	0	3
250	28	0	0.568181818	-610.692093	-614.632016	-648.054855	-589.916482	17.6829989	0	0	0	0	0	3
255	28	0	0.579545455	-611.332627	-614.010713	-648.054855	-589.916482	13.7957601	0	0	0	0	0	3
260	29	0	0.590909091	-612.081317	-613.300284	-648.054855	-589.916482	12.737755	0	0	0	0	0	3
265	29	0	0.602272727	-612.867102	-612.538281	-648.054855	-589.916482	13.499758	0	0	0	0	0	3
270	30	0	0.613636364	-613.669846	-611.756804	-647.825052	-589.916482	14.2812354	0	0	0	0	0	3
275	31	0	0.625	-614.425039	-610.997713	-646.041592	-589.916482	15.0403267	0	0	0	0	0	3
280	31	0	0.636363636	-615.082038	-610.294086	-642.734407	-589.916482	15.7439529	0	0	0	0	0	3
285	33	0	0.647727273	-615.641676	-609.678343	-638.456541	-589.916482	16.3596968	0	0	0	0	0	3
290	33	0	0.659090909	-616.090709	-609.170028	-633.846022	-589.916482	16.8680111	0	0	0	0	0	3
295	34	0	0.670454545	-616.414094	-608.773848	-629.112453	-589.916482	17.2641913	0	0	0	0	0	3
300	34	0	0.681818182	-616.655267	-608.948991	-629.112453	-589.916482	17.2641913	0	0	0	0	0	3
305	35	0	0.693181818	-616.814059	-608.31306	-619.961386	-589.916482	17.3311295	0	0	0	0	0	3
310	36	0	0.704545455	-616.912264	-608.243762	-616.912264	-589.916482	16.8593054	0	0	0	0	0	3
315	36	0	0.715909091	-616.958518	-608.292325	-616.958518	-589.916482	16.1245158	0	0	0	0	0	3
320	37	0	0.727272727	-616.955518	-608.457848	-616.958518	-589.916482	15.2328097	0	0	0	0	0	3
325	37	0	0.738636364	-616.926984	-608.734581	-616.958518	-589.916482	14.2172916	0	0	0	0	0	3
330	38	0	0.75	-616.910576	-609.116193	-616.958518	-589.916482	13.1194017	0	0	0	0	0	3
335	39	0	0.761363636	-616.927304	-609.589275	-616.958518	-589.916482	11.9837035	0	0	0	0	0	3
340	39	0	0.772727273	-616.991479	-610.135202	-616.991479	-589.916482	10.8544515	0	0	0	0	0	3
345	40	0	0.784090909	-617.07861	-610.289499	-617.07861	-589.916482	10.8544515	0	0	0	0	0	3
350	40	0	0.795454545	-617.203099	-610.874748	-617.203099	-589.916482	9.77364659	0	0	0	0	0	3
355	41	0	0.806818182	-617.339269	-611.484143	-617.339269	-590.043424	8.77457573	0	0	0	0	0	3
360	42	0	0.818181818	-617.448302	-612.567984	-617.448302	-593.25121	7.32848464	0	0	0	0	0	3
365	42	0	0.829545455	-617.581292	-613.12094	-617.581292	-596.060157	7.32848464	0	0	0	0	0	3
370	43	0	0.840909091	-617.743862	-613.613751	-617.743862	-599.398913	7.32848464	0	0	0	0	0	3
375	44	0	0.852272727	-617.907291	-614.034396	-617.907291	-602.937099	7.32848464	0	0	0	0	0	3
380	44	0	0.863636364	-618.076331	-614.37847	-618.076331	-606.379701	7.32848464	0	0	0	0	0	3
385	45	0	0.875	-618.235618	-614.647923	-618.235618	-609.398175	7.32848464	0	0	0	0	0	3
390	45	0	0.886363636	-618.372752	-614.85189	-618.372752	-609.985619	7.32848464	0	0	0	0	0	3
395	46	0	0.897727273	-618.502027	-615.003975	-618.502027	-609.985619	7.32848464	0	0	0	0	0	3
400	47	0	0.909090909	-618.60209	-615.083933	-618.60209	-609.985619	7.32848464	0	0	0	0	0	3
405	47	0	0.920454545	-618.667384	-615.196839	-618.667384	-609.985619	7.32848464	0	0	0	0	0	3
410	48	0	0.931818182	-618.711513	-615.286423	-618.711513	-609.985619	7.32848464	0	0	0	0	0	3
415	49	0	0.943181818	-618.755797	-615.374359	-618.755797	-609.985619	7.32848464	0	0	0	0	0	3
420	49	0	0.954545455	-618.825081	-615.471701	-618.825081	-609.985619	7.32848464	0	0	0	0	0	3
425	50	0	0.965909091	-618.933441	-615.587929	-618.933441	-609.985619	7.34416695	0	0	0	0	0	3
430	50	0	0.977272727	-619.033467	-615.726263	-619.033467	-609.985619	7.48250084	0	0	0	0	0	3
435	51	0	0.988636364	-619.147579	-615.886294	-619.147579	-609.985619	7.64253204	0	0	0	0	0	3
440	52	0	1	-619.275226	-616.066685	-619.275226	-609.985619	7.82292278	10.0646413	0	100	0	0	3
445	52	0	1.01136364	-619.409017	-616.264774	-619.409017	-609.985619	8.02101198	10.0646413	0	100	0	0	3
450	53	0	1.02272727	-619.503531	-616.475273	-619.503531	-609.985619	8.23151125	10.0646413	0	100	0	0	3
455	53	0	1.03409091	-619.600447	-616.69352	-619.600447	-609.985619	8.4497584	10.0646413	0	100	0	0	3
460	54	0	1.04545455	-619.706098	-616.91444	-619.706098	-610.227731	8.67067838	10.0646413	0	100	0	0	3
465	55	0	1.05681818	-619.820788	-617.132464	-619.820788	-610.692093	8.88870239	10.0646413	0	100	0	0	3
