Iteration	CPUTime	PhysTime	Travels	Value	AvValue	MinValue	MaxValue	Delta	Criteria	PrevAvRefValue	Progress	CriteriaType	CriteriaVarType	CriteriaPercentage
1	1	0	0.00227272727	52.7457799	52.7457799	52.7457799	52.7457799	0	0	0	0	0	0	3
5	1	0	0.0113636364	46.6995541	49.722667	46.6995541	52.7457799	3.02311289	0	0	0	0	0	3
10	1	0	0.0227272727	44.851032	48.0987887	44.851032	52.7457799	4.64699124	0	0	0	0	0	3
15	1	0	0.0340909091	44.3222501	47.154654	44.3222501	52.7457799	5.59112587	0	0	0	0	0	3
20	2	0	0.0454545455	43.2835276	46.3804287	43.2835276	52.7457799	6.36535116	0	0	0	0	0	3
25	2	0	0.0568181818	42.0464633	45.6581012	42.0464633	52.7457799	7.08767873	0	0	0	0	0	3
30	2	0	0.0681818182	40.9592105	44.9868311	40.9592105	52.7457799	7.75894883	0	0	0	0	0	3
35	2	0	0.0795454545	39.6456434	44.3191826	39.6456434	52.7457799	8.42659729	0	0	0	0	0	3
40	2	0	0.0909090909	38.2979974	43.650162	38.2979974	52.7457799	9.09561787	0	0	0	0	0	3
45	2	0	0.102272727	36.6977192	42.9549177	36.6977192	52.7457799	9.79086215	0	0	0	0	0	3
50	3	0	0.113636364	36.0101726	42.3235773	36.0101726	52.7457799	10.4222026	0	0	0	0	0	3
55	3	0	0.125	35.1761025	41.7279544	35.1761025	52.7457799	11.0178255	0	0	0	0	0	3
60	3	0	0.136363636	34.329293	41.1588266	34.329293	52.7457799	11.5869533	0	0	0	0	0	3
65	3	0	0.147727273	33.5406372	40.6146702	33.5406372	52.7457799	12.1311097	0	0	0	0	0	3
70	3	0	0.159090909	32.7750883	40.0920314	32.7750883	52.7457799	12.6537485	0	0	0	0	0	3
75	3	0	0.170454545	31.8986791	39.5799469	31.8986791	52.7457799	13.165833	0	0	0	0	0	3
80	4	0	0.181818182	30.9979109	39.0751212	30.9979109	52.7457799	13.6706587	0	0	0	0	0	3
85	4	0	0.193181818	30.451502	38.5960313	30.451502	52.7457799	14.1497486	0	0	0	0	0	3
90	4	0	0.204545455	30.0328132	38.1453356	30.0328132	52.7457799	14.6004443	0	0	0	0	0	3
95	4	0	0.215909091	29.5236641	37.714252	29.5236641	52.7457799	15.0315279	0	0	0	0	0	3
100	4	0	0.227272727	29.2137912	37.3094682	29.2137912	52.7457799	15.4363117	0	0	0	0	0	3
105	5	0	0.238636364	28.8817442	36.9263898	28.8817442	52.7457799	15.8193901	0	0	0	0	0	3
110	5	0	0.25	28.5811603	36.5635537	28.5811603	52.7457799	16.1822262	0	0	0	0	0	3
115	5	0	0.261363636	28.2086818	36.2154341	28.2086818	52.7457799	16.5303458	0	0	0	0	0	3
120	5	0	0.272727273	27.8434353	35.8805541	27.8434353	52.7457799	16.8652258	0	0	0	0	0	3
125	5	0	0.284090909	27.6200152	35.5628411	27.6200152	52.7457799	17.1829388	0	0	0	0	0	3
130	5	0	0.295454545	27.5942904	35.2677096	27.5942904	52.7457799	17.4780703	0	0	0	0	0	3
135	6	0	0.306818182	27.6328501	34.995036	27.5942904	52.7457799	17.7507439	0	0	0	0	0	3
140	6	0	0.318181818	27.4820132	34.7359663	27.4820132	52.7457799	18.0098136	0	0	0	0	0	3
145	6	0	0.329545455	27.5011274	34.494805	27.4820132	52.7457799	18.2509749	0	0	0	0	0	3
150	6	0	0.340909091	27.3213331	34.2634027	27.3213331	52.7457799	18.4823772	0	0	0	0	0	3
155	7	0	0.352272727	27.4355545	34.0500324	27.3213331	52.7457799	18.6957475	0	0	0	0	0	3
160	7	0	0.363636364	27.3742309	33.8477354	27.3213331	52.7457799	18.8980445	0	0	0	0	0	3
165	7	0	0.375	27.3402003	33.6563373	27.3213331	52.7457799	19.0894426	0	0	0	0	0	3
170	7	0	0.386363636	27.1812653	33.4713352	27.1812653	52.7457799	19.2744447	0	0	0	0	0	3
175	8	0	0.397727273	27.363559	33.3016748	27.1812653	52.7457799	19.4441051	0	0	0	0	0	3
180	8	0	0.409090909	27.0689697	33.1332233	27.0689697	52.7457799	19.6125566	0	0	0	0	0	3
185	8	0	0.420454545	27.161206	32.976065	27.0689697	52.7457799	19.7697149	0	0	0	0	0	3
190	9	0	0.431818182	26.9309906	32.821063	26.9309906	52.7457799	19.9247169	0	0	0	0	0	3
195	9	0	0.443181818	27.0315937	32.6763263	26.9309906	52.7457799	20.0694536	0	0	0	0	0	3
200	9	0	0.454545455	26.717504	32.5309892	26.717504	52.7457799	20.2147907	0	0	0	0	0	3
205	9	0	0.465909091	26.8527636	32.3957933	26.717504	52.7457799	20.3499866	0	0	0	0	0	3
210	10	0	0.477272727	26.5498759	32.2598418	26.5498759	52.7457799	20.4859381	0	0	0	0	0	3
215	10	0	0.488636364	26.6702316	32.1328052	26.5498759	52.7457799	20.6129747	0	0	0	0	0	3
220	10	0	0.5	26.4281336	32.0060347	26.4281336	52.7457799	20.7397452	0	0	0	0	0	3
225	10	0	0.511363636	26.4167247	31.0737035	26.4167247	44.851032	17.0250852	0	0	0	0	0	3
230	11	0	0.522727273	26.273794	30.6514935	26.273794	44.3222501	16.5031605	0	0	0	0	0	3
235	11	0	0.534090909	26.3414997	30.2428401	26.273794	43.2835276	16.1375887	0	0	0	0	0	3
240	11	0	0.545454545	26.1542353	30.1519822	26.1542353	43.2835276	16.2284465	0	0	0	0	0	3
245	12	0	0.556818182	26.0584707	29.7692032	26.0584707	42.0464633	15.888898	0	0	0	0	0	3
250	12	0	0.568181818	25.8855175	29.1475906	25.8855175	39.6456434	13.7601259	0	0	0	0	0	3
255	12	0	0.579545455	26.0069219	28.8376196	25.8855175	38.2979974	12.4124799	0	0	0	0	0	3
260	12	0	0.590909091	25.8541541	28.554805	25.8541541	36.6977192	10.8435651	0	0	0	0	0	3
265	13	0	0.602272727	25.7877366	28.3068509	25.7877366	36.0101726	10.222436	0	0	0	0	0	3
270	13	0	0.613636364	25.7673194	28.0740587	25.7673194	35.1761025	9.40878309	0	0	0	0	0	3
275	13	0	0.625	25.657603	27.8577292	25.657603	34.329293	8.67168996	0	0	0	0	0	3
280	13	0	0.636363636	25.639753	27.6602397	25.639753	33.5406372	7.90088417	0	0	0	0	0	3
285	14	0	0.647727273	25.5934795	27.4796225	25.5934795	32.7750883	7.18160877	0	0	0	0	0	3
290	14	0	0.659090909	25.7054503	27.3189489	25.5934795	31.8986791	6.30519962	0	0	0	0	0	3
295	14	0	0.670454545	25.4780669	27.1730259	25.4780669	30.9979109	5.51984399	0	0	0	0	0	3
300	15	0	0.681818182	25.5716481	27.1374397	25.4780669	30.9979109	5.51984399	0	0	0	0	0	3
305	15	0	0.693181818	25.5236364	26.9377048	25.4780669	30.0328132	4.55474626	0	0	0	0	0	3
310	15	0	0.704545455	25.2630154	26.8293003	25.2630154	29.5236641	4.2606487	0	0	0	0	0	3
315	15	0	0.715909091	25.3403975	26.734226	25.2630154	29.2137912	3.95077584	0	0	0	0	0	3
320	16	0	0.727272727	25.2008087	26.6430219	25.2008087	28.8817442	3.68093549	0	0	0	0	0	3
325	16	0	0.738636364	25.1900604	26.55912	25.1900604	28.5811603	3.39109995	0	0	0	0	0	3
330	16	0	0.75	25.1644811	26.4814682	25.1644811	28.2086818	3.04420066	0	0	0	0	0	3
335	17	0	0.761363636	25.1022817	26.4108682	25.1022817	27.8434353	2.7411536	0	0	0	0	0	3
340	17	0	0.772727273	25.0918011	26.348331	25.0918011	27.6328501	2.54104896	0	0	0	0	0	3
345	17	0	0.784090909	25.0645222	26.3198019	25.0645222	27.6328501	2.56832787	0	0	0	0	0	3
350	17	0	0.795454545	25.0851415	26.2634714	25.0645222	27.6328501	2.56832787	0	0	0	0	0	3
355	18	0	0.806818182	25.0067339	26.2059702	25.0067339	27.6328501	2.62611621	0	0	0	0	0	3
360	18	0	0.818181818	24.9375766	26.115713	24.9375766	27.5011274	2.56355078	0	0	0	0	0	3
365	18	0	0.829545455	24.9442763	26.0576027	24.9375766	27.4355545	2.49797785	0	0	0	0	0	3
370	19	0	0.840909091	24.8906345	26.0023596	24.8906345	27.4355545	2.54491996	0	0	0	0	0	3
375	19	0	0.852272727	24.8216176	25.9429519	24.8216176	27.3742309	2.55261324	0	0	0	0	0	3
380	19	0	0.863636364	24.7543781	25.8834098	24.7543781	27.363559	2.60918094	0	0	0	0	0	3
385	20	0	0.875	24.8136764	25.8259888	24.7543781	27.363559	2.60918094	0	0	0	0	0	3
390	20	0	0.886363636	24.6704376	25.7689245	24.6704376	27.363559	2.69312136	0	0	0	0	0	3
395	20	0	0.897727273	24.731913	25.7091144	24.6704376	27.161206	2.49076837	0	0	0	0	0	3
400	20	0	0.909090909	24.7243683	25.6872312	24.6704376	27.161206	2.49076837	0	0	0	0	0	3
405	21	0	0.920454545	24.6117567	25.6326264	24.6117567	27.161206	2.54944933	0	0	0	0	0	3
410	21	0	0.931818182	24.5551039	25.574713	24.5551039	27.0315937	2.47648981	0	0	0	0	0	3
415	21	0	0.943181818	24.5139578	25.4866695	24.5139578	26.8527636	2.33880577	0	0	0	0	0	3
420	22	0	0.954545455	24.4519425	25.4351795	24.4519425	26.8527636	2.40082114	0	0	0	0	0	3
425	22	0	0.965909091	24.4887099	25.381451	24.4519425	26.6702316	2.21828914	0	0	0	0	0	3
430	22	0	0.977272727	24.3830269	25.3322045	24.3830269	26.6702316	2.28720476	0	0	0	0	0	3
435	22	0	0.988636364	24.3471041	25.2794061	24.3471041	26.4281336	2.08102952	0	0	0	0	0	3
440	23	0	1	24.3787352	25.2328289	24.3471041	26.4167247	2.06962059	3.35286751	0	100	0	0	3
445	23	0	1.01136364	24.4130083	25.1872899	24.3471041	26.3414997	1.99439557	3.35286751	0	100	0	0	3
450	23	0	1.02272727	24.4507814	25.1458578	24.3471041	26.3414997	1.99439557	3.35286751	0	100	0	0	3
455	24	0	1.03409091	24.2677087	25.0987261	24.2677087	26.1542353	1.8865266	3.35286751	0	100	0	0	3
460	24	0	1.04545455	24.2167019	25.0546913	24.2167019	26.0584707	1.84176875	3.35286751	0	100	0	0	3
465	24	0	1.05681818	24.2296797	25.0131279	24.2167019	26.0069219	1.79021992	3.35286751	0	100	0	0	3
470	24	0	1.06818182	24.1586758	24.99414	24.1586758	26.0069219	1.84824611	3.35286751	0	100	0	0	3
475	25	0	1.07954545	24.1248823	24.9311078	24.1248823	25.8541541	1.7292718	3.35286751	0	100	0	0	3
480	25	0	1.09090909	24.0489638	24.9115046	24.0489638	25.8541541	1.80519034	3.35286751	0	100	0	0	3
485	25	0	1.10227273	24.0534576	24.8506653	24.0489638	25.7673194	1.7183556	3.35286751	0	100	0	0	3
490	26	0	1.11363636	24.0295483	24.8324183	24.0295483	25.7673194	1.73777108	3.35286751	0	100	0	0	3
495	26	0	1.125	24.014067	24.7738175	24.014067	25.7054503	1.69138332	3.35286751	0	100	0	0	3
500	26	0	1.13636364	23.986609	24.736246	23.986609	25.7054503	1.71884136	3.35286751	0	100	0	0	3
505	27	0	1.14772727	23.9374836	24.6986097	23.9374836	25.7054503	1.76796673	3.35286751	0	100	0	0	3
510	27	0	1.15909091	23.9468632	24.6586418	23.9374836	25.5716481	1.63416449	3.35286751	0	100	0	0	3
515	27	0	1.17045455	23.8988806	24.6227512	23.8988806	25.5716481	1.6727675	3.35286751	0	100	0	0	3
520	28	0	1.18181818	23.889899	24.5845297	23.889899	25.5236364	1.63373746	3.35286751	0	100	0	0	3
525	28	0	1.19318182	23.890369	24.5691039	23.889899	25.5236364	1.63373746	3.35286751	0	100	0	0	3
530	28	0	1.20454545	23.870714	24.5157667	23.870714	25.3403975	1.46968354	3.35286751	0	100	0	0	3
535	28	0	1.21590909	23.8291605	24.5005088	23.8291605	25.3403975	1.51123699	3.35286751	0	100	0	0	3
540	29	0	1.22727273	23.7923539	24.4494101	23.7923539	25.1900604	1.39770648	3.35286751	0	100	0	0	3
545	29	0	1.23863636	23.7825616	24.4345913	23.7825616	25.1900604	1.40749881	3.35286751	0	100	0	0	3
550	29	0	1.25	23.7523246	24.385327	23.7523246	25.1022817	1.34995712	3.35286751	0	100	0	0	3
555	30	0	1.26136364	23.6741074	24.3528685	23.6741074	25.0918011	1.41769372	3.35286751	0	100	0	0	3
560	30	0	1.27272727	23.7204447	24.3217013	23.6741074	25.0851415	1.41103412	3.35286751	0	100	0	0	3
565	30	0	1.28409091	23.66794	24.2899608	23.66794	25.0851415	1.41720155	3.35286751	0	100	0	0	3
570	31	0	1.29545455	23.6942241	24.2583491	23.66794	25.0067339	1.3387939	3.35286751	0	100	0	0	3
575	31	0	1.30681818	23.6470046	24.2274461	23.6470046	24.9442763	1.29727171	3.35286751	0	100	0	0	3
580	31	0	1.31818182	23.5005647	24.2112932	23.5005647	24.9442763	1.44371161	3.35286751	0	100	0	0	3
585	32	0	1.32954545	23.4607969	24.1610713	23.4607969	24.8906345	1.42983758	3.35286751	0	100	0	0	3
590	32	0	1.34090909	23.4931814	24.1462293	23.4607969	24.8906345	1.42983758	3.35286751	0	100	0	0	3
595	32	0	1.35227273	23.4626419	24.0984252	23.4607969	24.8136764	1.35287947	3.35286751	0	100	0	0	3
600	33	0	1.36363636	23.4489034	24.0839914	23.4489034	24.8136764	1.36477303	3.35286751	0	100	0	0	3
605	33	0	1.375	23.4280386	24.0372636	23.4280386	24.731913	1.30387438	3.35286751	0	100	0	0	3
610	33	0	1.38636364	23.4391826	24.0092805	23.4280386	24.731913	1.30387438	3.35286751	0	100	0	0	3
615	34	0	1.39772727	23.4433239	23.9799944	23.4280386	24.7243683	1.29632964	3.35286751	0	100	0	0	3
620	34	0	1.40909091	23.4356307	23.9507049	23.4280386	24.6117567	1.18371805	3.35286751	0	100	0	0	3
625	34	0	1.42045455	23.3843489	23.9228093	23.3843489	24.5551039	1.17075501	3.35286751	0	100	0	0	3
630	34	0	1.43181818	23.3827118	23.896164	23.3827118	24.5139578	1.13124604	3.35286751	0	100	0	0	3
635	35	0	1.44318182	23.3797791	23.8846888	23.3797791	24.5139578	1.13417879	3.35286751	0	100	0	0	3
640	35	0	1.45454545	23.4192425	23.8469167	23.3797791	24.4887099	1.10893083	3.35286751	0	100	0	0	3
645	35	0	1.46590909	23.4241874	23.8375228	23.3797791	24.4887099	1.10893083	3.35286751	0	100	0	0	3
650	35	0	1.47727273	23.401887	23.8004244	23.3797791	24.4507814	1.07100239	3.35286751	0	100	0	0	3
655	35	0	1.48863636	23.375321	23.7909777	23.375321	24.4507814	1.07546042	3.35286751	0	100	0	0	3
660	36	0	1.5	23.3921095	23.7559151	23.375321	24.4507814	1.07546042	3.35286751	0	100	0	0	3
665	36	0	1.51136364	23.4076118	23.7330652	23.375321	24.4507814	1.07546042	3.35286751	0	100	0	0	3
670	36	0	1.52272727	23.4378111	23.7100432	23.375321	24.2677087	0.892387653	3.35286751	0	100	0	0	3
675	36	0	1.53409091	23.4550101	23.6915727	23.375321	24.2296797	0.854358691	3.35286751	0	100	0	0	3
680	36	0	1.54545455	23.441922	23.6739641	23.375321	24.2296797	0.854358691	3.35286751	0	100	0	0	3
685	37	0	1.55681818	23.4341915	23.6558848	23.375321	24.1586758	0.783354729	3.35286751	0	100	0	0	3
