Iteration	CPUTime	PhysTime	Travels	Value	AvValue	MinValue	MaxValue	Delta	Criteria	PrevAvRefValue	Progress	CriteriaType	CriteriaVarType	CriteriaPercentage
1	1	0	0.00227272727	55.1701931	55.1701931	55.1701931	55.1701931	0	0	0	0	0	0	3
5	1	0	0.0113636364	49.1772139	52.1737035	49.1772139	55.1701931	2.99648961	0	0	0	0	0	3
10	1	0	0.0227272727	47.2747492	50.5407187	47.2747492	55.1701931	4.62947441	0	0	0	0	0	3
15	1	0	0.0340909091	46.8472547	49.6173527	46.8472547	55.1701931	5.55284041	0	0	0	0	0	3
20	2	0	0.0454545455	45.7904504	48.8519723	45.7904504	55.1701931	6.31822088	0	0	0	0	0	3
25	2	0	0.0568181818	44.3779624	48.106304	44.3779624	55.1701931	7.06388919	0	0	0	0	0	3
30	2	0	0.0681818182	43.169937	47.4011087	43.169937	55.1701931	7.76908446	0	0	0	0	0	3
35	2	0	0.0795454545	41.7062667	46.6892534	41.7062667	55.1701931	8.48093971	0	0	0	0	0	3
40	2	0	0.0909090909	40.2635381	45.9752851	40.2635381	55.1701931	9.19490809	0	0	0	0	0	3
45	2	0	0.102272727	38.512232	45.2289798	38.512232	55.1701931	9.94121339	0	0	0	0	0	3
50	3	0	0.113636364	37.8267582	44.5560505	37.8267582	55.1701931	10.6141426	0	0	0	0	0	3
55	3	0	0.125	37.1249171	43.9367894	37.1249171	55.1701931	11.2334037	0	0	0	0	0	3
60	3	0	0.136363636	36.5837503	43.371171	36.5837503	55.1701931	11.7990221	0	0	0	0	0	3
65	3	0	0.147727273	35.9597535	42.841784	35.9597535	55.1701931	12.3284091	0	0	0	0	0	3
70	3	0	0.159090909	35.189988	42.3316643	35.189988	55.1701931	12.8385288	0	0	0	0	0	3
75	3	0	0.170454545	34.1885628	41.8227205	34.1885628	55.1701931	13.3474727	0	0	0	0	0	3
80	4	0	0.181818182	33.3795428	41.326063	33.3795428	55.1701931	13.8441302	0	0	0	0	0	3
85	4	0	0.193181818	32.8930215	40.8575607	32.8930215	55.1701931	14.3126325	0	0	0	0	0	3
90	4	0	0.204545455	32.474586	40.4163515	32.474586	55.1701931	14.7538417	0	0	0	0	0	3
95	4	0	0.215909091	31.9491582	39.9929918	31.9491582	55.1701931	15.1772013	0	0	0	0	0	3
100	4	0	0.227272727	31.6392088	39.5951926	31.6392088	55.1701931	15.5750005	0	0	0	0	0	3
105	5	0	0.238636364	31.3305663	39.2195278	31.3305663	55.1701931	15.9506654	0	0	0	0	0	3
110	5	0	0.25	31.1186057	38.8673138	31.1186057	55.1701931	16.3028794	0	0	0	0	0	3
115	5	0	0.261363636	30.7779103	38.5302553	30.7779103	55.1701931	16.6399378	0	0	0	0	0	3
120	5	0	0.272727273	30.5169295	38.2097223	30.5169295	55.1701931	16.9604709	0	0	0	0	0	3
125	5	0	0.284090909	30.4156946	37.909952	30.4156946	55.1701931	17.2602412	0	0	0	0	0	3
130	5	0	0.295454545	30.3008439	37.6281332	30.3008439	55.1701931	17.54206	0	0	0	0	0	3
135	6	0	0.306818182	30.3058311	37.3666224	30.3008439	55.1701931	17.8035708	0	0	0	0	0	3
140	6	0	0.318181818	30.1653939	37.1183041	30.1653939	55.1701931	18.051889	0	0	0	0	0	3
145	6	0	0.329545455	30.1308934	36.8853905	30.1308934	55.1701931	18.2848027	0	0	0	0	0	3
150	6	0	0.340909091	29.904886	36.6602129	29.904886	55.1701931	18.5099803	0	0	0	0	0	3
155	7	0	0.352272727	29.930859	36.4499206	29.904886	55.1701931	18.7202726	0	0	0	0	0	3
160	7	0	0.363636364	29.7477959	36.2468259	29.7477959	55.1701931	18.9233673	0	0	0	0	0	3
165	7	0	0.375	29.6535577	36.0529062	29.6535577	55.1701931	19.1172869	0	0	0	0	0	3
170	7	0	0.386363636	29.3559954	35.8615659	29.3559954	55.1701931	19.3086272	0	0	0	0	0	3
175	8	0	0.397727273	29.444063	35.683302	29.3559954	55.1701931	19.4868912	0	0	0	0	0	3
180	8	0	0.409090909	29.0924087	35.5051697	29.0924087	55.1701931	19.6650234	0	0	0	0	0	3
185	8	0	0.420454545	29.1464226	35.3378343	29.0924087	55.1701931	19.8323589	0	0	0	0	0	3
190	9	0	0.431818182	28.8896087	35.1724951	28.8896087	55.1701931	19.997698	0	0	0	0	0	3
195	9	0	0.443181818	29.0027076	35.0182505	28.8896087	55.1701931	20.1519427	0	0	0	0	0	3
200	9	0	0.454545455	28.6400905	34.8626856	28.6400905	55.1701931	20.3075076	0	0	0	0	0	3
205	9	0	0.465909091	28.727123	34.7166008	28.6400905	55.1701931	20.4535924	0	0	0	0	0	3
210	10	0	0.477272727	28.3659896	34.5689121	28.3659896	55.1701931	20.601281	0	0	0	0	0	3
215	10	0	0.488636364	28.4157722	34.429068	28.3659896	55.1701931	20.7411251	0	0	0	0	0	3
220	10	0	0.5	28.1045476	34.2885231	28.1045476	55.1701931	20.88167	0	0	0	0	0	3
225	10	0	0.511363636	28.0298142	33.333317	28.0298142	47.2747492	17.2074017	0	0	0	0	0	3
230	11	0	0.522727273	27.8803207	32.8925345	27.8803207	46.8472547	16.7248182	0	0	0	0	0	3
235	11	0	0.534090909	27.9116284	32.4621794	27.8803207	45.7904504	16.3897929	0	0	0	0	0	3
240	11	0	0.545454545	27.6707147	32.3557024	27.6707147	45.7904504	16.4962699	0	0	0	0	0	3
245	12	0	0.556818182	27.5448636	31.9502449	27.5448636	44.3779624	16.156059	0	0	0	0	0	3
250	12	0	0.568181818	27.3693637	31.3086929	27.3693637	41.7062667	14.336903	0	0	0	0	0	3
255	12	0	0.579545455	27.4968756	30.9857521	27.3693637	40.2635381	12.8941744	0	0	0	0	0	3
260	12	0	0.590909091	27.3671336	30.692652	27.3671336	38.512232	11.1450984	0	0	0	0	0	3
265	13	0	0.602272727	27.25092	30.4367131	27.25092	37.8267582	10.5758382	0	0	0	0	0	3
270	13	0	0.613636364	27.247839	30.1962832	27.247839	37.1249171	9.87707813	0	0	0	0	0	3
275	13	0	0.625	27.148074	29.9695367	27.148074	36.5837503	9.43567632	0	0	0	0	0	3
280	13	0	0.636363636	27.1543792	29.7552328	27.148074	35.9597535	8.8116795	0	0	0	0	0	3
285	14	0	0.647727273	27.1105717	29.5541151	27.1105717	35.189988	8.07941626	0	0	0	0	0	3
290	14	0	0.659090909	26.9864384	29.3676708	26.9864384	34.1885628	7.20212448	0	0	0	0	0	3
295	14	0	0.670454545	26.7862742	29.1994369	26.7862742	33.3795428	6.59326865	0	0	0	0	0	3
300	15	0	0.681818182	26.8793559	29.1478796	26.7862742	33.3795428	6.59326865	0	0	0	0	0	3
305	15	0	0.693181818	26.8799116	28.9150438	26.7862742	32.474586	5.68831184	0	0	0	0	0	3
310	15	0	0.704545455	26.6158422	28.7818905	26.6158422	31.9491582	5.33331597	0	0	0	0	0	3
315	15	0	0.715909091	26.7009021	28.662612	26.6158422	31.6392088	5.02336658	0	0	0	0	0	3
320	16	0	0.727272727	26.5613532	28.5472062	26.5613532	31.3305663	4.76921318	0	0	0	0	0	3
325	16	0	0.738636364	26.5571719	28.4387199	26.5571719	31.1186057	4.56143388	0	0	0	0	0	3
330	16	0	0.75	26.5495571	28.3348779	26.5495571	30.7779103	4.22835321	0	0	0	0	0	3
335	17	0	0.761363636	26.4892684	28.2374088	26.4892684	30.5169295	4.02766117	0	0	0	0	0	3
340	17	0	0.772727273	26.5131148	28.146413	26.4892684	30.4156946	3.92642629	0	0	0	0	0	3
345	17	0	0.784090909	26.5064553	28.1099695	26.4892684	30.4156946	3.92642629	0	0	0	0	0	3
350	17	0	0.795454545	26.4975614	28.0228999	26.4892684	30.3058311	3.81656271	0	0	0	0	0	3
355	18	0	0.806818182	26.436997	27.9370366	26.436997	30.3058311	3.86883409	0	0	0	0	0	3
360	18	0	0.818181818	26.3732363	27.797015	26.3732363	30.1308934	3.75765706	0	0	0	0	0	3
365	18	0	0.829545455	26.3879014	27.711947	26.3732363	29.930859	3.55762272	0	0	0	0	0	3
370	19	0	0.840909091	26.3465326	27.6310753	26.3465326	29.930859	3.58432642	0	0	0	0	0	3
375	19	0	0.852272727	26.2823369	27.5481544	26.2823369	29.7477959	3.46545899	0	0	0	0	0	3
380	19	0	0.863636364	26.2202186	27.4679821	26.2202186	29.6535577	3.43333905	0	0	0	0	0	3
385	20	0	0.875	26.2573167	27.3907948	26.2202186	29.444063	3.22384442	0	0	0	0	0	3
390	20	0	0.886363636	26.1381933	27.317663	26.1381933	29.444063	3.30586978	0	0	0	0	0	3
395	20	0	0.897727273	26.1910616	27.2437311	26.1381933	29.1464226	3.00822936	0	0	0	0	0	3
400	20	0	0.909090909	26.1861766	27.2202299	26.1381933	29.1464226	3.00822936	0	0	0	0	0	3
405	21	0	0.920454545	26.0768089	27.1532166	26.0768089	29.1464226	3.06961366	0	0	0	0	0	3
410	21	0	0.931818182	26.028152	27.0839217	26.028152	29.0027076	2.97455554	0	0	0	0	0	3
415	21	0	0.943181818	25.9762865	26.974101	25.9762865	28.727123	2.75083648	0	0	0	0	0	3
420	22	0	0.954545455	25.9209494	26.9123024	25.9209494	28.727123	2.80617355	0	0	0	0	0	3
425	22	0	0.965909091	25.9594812	26.8494014	25.9209494	28.4157722	2.49482278	0	0	0	0	0	3
430	22	0	0.977272727	25.8475587	26.7921644	25.8475587	28.4157722	2.5682135	0	0	0	0	0	3
435	22	0	0.988636364	25.8047823	26.7328237	25.8047823	28.1045476	2.29976529	0	0	0	0	0	3
440	23	0	1	25.8418136	26.6813979	25.8047823	28.0298142	2.22503183	3.50586474	0	100	0	0	3
445	23	0	1.01136364	25.8661793	26.6322244	25.8047823	27.9116284	2.10684601	3.50586474	0	100	0	0	3
450	23	0	1.02272727	25.9093971	26.5874307	25.8047823	27.9116284	2.10684601	3.50586474	0	100	0	0	3
455	24	0	1.03409091	25.7224294	26.5376762	25.7224294	27.6707147	1.94828535	3.50586474	0	100	0	0	3
460	24	0	1.04545455	25.6668647	26.4921341	25.6668647	27.5448636	1.87799892	3.50586474	0	100	0	0	3
465	24	0	1.05681818	25.6822185	26.4498013	25.6668647	27.4968756	1.83001085	3.50586474	0	100	0	0	3
470	24	0	1.06818182	25.6643833	26.4323475	25.6643833	27.4968756	1.83249226	3.50586474	0	100	0	0	3
475	25	0	1.07954545	25.6482655	26.3690378	25.6482655	27.3671336	1.71886811	3.50586474	0	100	0	0	3
480	25	0	1.09090909	25.5699582	26.3512805	25.5699582	27.3671336	1.79717547	3.50586474	0	100	0	0	3
485	25	0	1.10227273	25.5813779	26.2902488	25.5699582	27.247839	1.67788085	3.50586474	0	100	0	0	3
490	26	0	1.11363636	25.5755133	26.2743658	25.5699582	27.247839	1.67788085	3.50586474	0	100	0	0	3
495	26	0	1.125	25.5784786	26.2165688	25.5699582	27.1543792	1.58442102	3.50586474	0	100	0	0	3
500	26	0	1.13636364	25.5444751	26.1799801	25.5444751	27.1105717	1.56609665	3.50586474	0	100	0	0	3
505	27	0	1.14772727	25.4804221	26.1429312	25.4804221	26.9864384	1.50601624	3.50586474	0	100	0	0	3
510	27	0	1.15909091	25.4889149	26.1088966	25.4804221	26.8799116	1.39948948	3.50586474	0	100	0	0	3
515	27	0	1.17045455	25.4444011	26.0783995	25.4444011	26.8799116	1.43551049	3.50586474	0	100	0	0	3
520	28	0	1.18181818	25.4161205	26.0451441	25.4161205	26.8799116	1.46379114	3.50586474	0	100	0	0	3
525	28	0	1.19318182	25.4283757	26.0314381	25.4161205	26.8799116	1.46379114	3.50586474	0	100	0	0	3
530	28	0	1.20454545	25.4221009	25.9850242	25.4161205	26.7009021	1.2847816	3.50586474	0	100	0	0	3
535	28	0	1.21590909	25.4141193	25.9723374	25.4141193	26.7009021	1.28678277	3.50586474	0	100	0	0	3
540	29	0	1.22727273	25.3973425	25.9293243	25.3973425	26.5571719	1.15982932	3.50586474	0	100	0	0	3
545	29	0	1.23863636	25.4223668	25.9180586	25.3973425	26.5571719	1.15982932	3.50586474	0	100	0	0	3
550	29	0	1.25	25.4275293	25.8780327	25.3973425	26.5131148	1.1157723	3.50586474	0	100	0	0	3
555	30	0	1.26136364	25.3503407	25.852148	25.3503407	26.5131148	1.16277415	3.50586474	0	100	0	0	3
560	30	0	1.27272727	25.3713386	25.8261985	25.3503407	26.5064553	1.15611463	3.50586474	0	100	0	0	3
565	30	0	1.28409091	25.3246797	25.79934	25.3246797	26.4975614	1.17288162	3.50586474	0	100	0	0	3
570	31	0	1.29545455	25.3880198	25.7741231	25.3246797	26.436997	1.11231723	3.50586474	0	100	0	0	3
575	31	0	1.30681818	25.3301361	25.7489672	25.3246797	26.3879014	1.06322169	3.50586474	0	100	0	0	3
580	31	0	1.31818182	25.3619073	25.7403658	25.3246797	26.3879014	1.06322169	3.50586474	0	100	0	0	3
585	32	0	1.32954545	25.3204708	25.7017226	25.3204708	26.3465326	1.02606175	3.50586474	0	100	0	0	3
590	32	0	1.34090909	25.3584727	25.6940949	25.3204708	26.3465326	1.02606175	3.50586474	0	100	0	0	3
595	32	0	1.35227273	25.2843173	25.6565845	25.2843173	26.2573167	0.972999365	3.50586474	0	100	0	0	3
600	33	0	1.36363636	25.2868132	25.6483673	25.2843173	26.2573167	0.972999365	3.50586474	0	100	0	0	3
605	33	0	1.375	25.2627354	25.6127666	25.2627354	26.1910616	0.928326219	3.50586474	0	100	0	0	3
610	33	0	1.38636364	25.2903551	25.5934975	25.2627354	26.1910616	0.928326219	3.50586474	0	100	0	0	3
615	34	0	1.39772727	25.2032052	25.5710463	25.2032052	26.1861766	0.982971382	3.50586474	0	100	0	0	3
620	34	0	1.40909091	25.1976887	25.5485806	25.1976887	26.0768089	0.87912022	3.50586474	0	100	0	0	3
625	34	0	1.42045455	25.1546796	25.5276231	25.1546796	26.028152	0.873472405	3.50586474	0	100	0	0	3
630	34	0	1.43181818	25.1538998	25.5077538	25.1538998	25.9762865	0.822386658	3.50586474	0	100	0	0	3
635	35	0	1.44318182	25.1267531	25.4992871	25.1267531	25.9762865	0.849533361	3.50586474	0	100	0	0	3
640	35	0	1.45454545	25.1704782	25.47139	25.1267531	25.9594812	0.832728074	3.50586474	0	100	0	0	3
645	35	0	1.46590909	25.1725016	25.4647481	25.1267531	25.9594812	0.832728074	3.50586474	0	100	0	0	3
650	35	0	1.47727273	25.1427103	25.4374848	25.1267531	25.9093971	0.78264401	3.50586474	0	100	0	0	3
655	35	0	1.48863636	25.108868	25.4301822	25.108868	25.9093971	0.800529107	3.50586474	0	100	0	0	3
660	36	0	1.5	25.1116943	25.405075	25.108868	25.9093971	0.800529107	3.50586474	0	100	0	0	3
665	36	0	1.51136364	25.1152153	25.3880076	25.108868	25.9093971	0.800529107	3.50586474	0	100	0	0	3
670	36	0	1.52272727	25.1172637	25.3700046	25.108868	25.7224294	0.613561374	3.50586474	0	100	0	0	3
675	36	0	1.53409091	25.1118552	25.3561279	25.108868	25.6822185	0.573350455	3.50586474	0	100	0	0	3
680	36	0	1.54545455	25.0751326	25.3426795	25.0751326	25.6822185	0.607085831	3.50586474	0	100	0	0	3
685	37	0	1.55681818	25.0419815	25.3281286	25.0419815	25.6643833	0.622401823	3.50586474	0	100	0	0	3
