Iteration	CPUTime	PhysTime	Travels	Value	AvValue	MinValue	MaxValue	Delta	Criteria	PrevAvRefValue	Progress	CriteriaType	CriteriaVarType	CriteriaPercentage
1	1	0	0.00227272727	-0.0682474953	-0.0682474953	-0.0682474953	-0.0682474953	0	0	0	0	0	0	3
5	1	0	0.0113636364	0.152678212	0.0422153581	-0.0682474953	0.152678212	0.110462853	0	0	0	0	0	3
10	1	0	0.0227272727	0.608002698	0.230811138	-0.0682474953	0.608002698	0.299058633	0	0	0	0	0	3
15	1	0	0.0340909091	0.815041948	0.376868841	-0.0682474953	0.815041948	0.445116336	0	0	0	0	0	3
20	2	0	0.0454545455	0.971680772	0.495831227	-0.0682474953	0.971680772	0.564078722	0	0	0	0	0	3
25	2	0	0.0568181818	0.933474392	0.568771754	-0.0682474953	0.971680772	0.63701925	0	0	0	0	0	3
30	2	0	0.0681818182	1.15742402	0.652864936	-0.0682474953	1.15742402	0.721112431	0	0	0	0	0	3
35	2	0	0.0795454545	1.19779509	0.720981205	-0.0682474953	1.19779509	0.7892287	0	0	0	0	0	3
40	2	0	0.0909090909	1.42420527	0.799117212	-0.0682474953	1.42420527	0.867364708	0	0	0	0	0	3
45	2	0	0.102272727	1.52150093	0.871355584	-0.0682474953	1.52150093	0.93960308	0	0	0	0	0	3
50	3	0	0.113636364	1.66458137	0.943467019	-0.0682474953	1.66458137	1.01171451	0	0	0	0	0	3
55	3	0	0.125	1.8592818	1.01978492	-0.0682474953	1.8592818	1.08803241	0	0	0	0	0	3
60	3	0	0.136363636	2.05338522	1.09929263	-0.0682474953	2.05338522	1.16754013	0	0	0	0	0	3
65	3	0	0.147727273	2.14811552	1.17420855	-0.0682474953	2.14811552	1.24245605	0	0	0	0	0	3
70	3	0	0.159090909	2.17946528	1.24122567	-0.0682474953	2.17946528	1.30947316	0	0	0	0	0	3
75	3	0	0.170454545	2.14780501	1.29788688	-0.0682474953	2.17946528	1.36613437	0	0	0	0	0	3
80	4	0	0.181818182	2.13084683	1.34688452	-0.0682474953	2.17946528	1.41513202	0	0	0	0	0	3
85	4	0	0.193181818	2.13262692	1.39053688	-0.0682474953	2.17946528	1.45878437	0	0	0	0	0	3
90	4	0	0.204545455	2.1511811	1.43057078	-0.0682474953	2.17946528	1.49881828	0	0	0	0	0	3
95	4	0	0.215909091	2.1846387	1.46827418	-0.0682474953	2.1846387	1.53652167	0	0	0	0	0	3
100	4	0	0.227272727	2.19829988	1.50303731	-0.0682474953	2.19829988	1.5712848	0	0	0	0	0	3
105	5	0	0.238636364	2.18343547	1.5339645	-0.0682474953	2.19829988	1.60221199	0	0	0	0	0	3
110	5	0	0.25	2.17021248	1.56162745	-0.0682474953	2.19829988	1.62987495	0	0	0	0	0	3
115	5	0	0.261363636	2.14313197	1.58585681	-0.0682474953	2.19829988	1.6541043	0	0	0	0	0	3
120	5	0	0.272727273	2.13617271	1.60786944	-0.0682474953	2.19829988	1.67611694	0	0	0	0	0	3
125	5	0	0.284090909	2.14164378	1.62839923	-0.0682474953	2.19829988	1.69664672	0	0	0	0	0	3
130	5	0	0.295454545	2.14865889	1.6476681	-0.0682474953	2.19829988	1.7159156	0	0	0	0	0	3
135	6	0	0.306818182	2.14076879	1.66527884	-0.0682474953	2.19829988	1.73352634	0	0	0	0	0	3
140	6	0	0.318181818	2.13434063	1.68145339	-0.0682474953	2.19829988	1.74970088	0	0	0	0	0	3
145	6	0	0.329545455	2.13329055	1.69651462	-0.0682474953	2.19829988	1.76476212	0	0	0	0	0	3
150	6	0	0.340909091	2.12759299	1.71042038	-0.0682474953	2.19829988	1.77866787	0	0	0	0	0	3
155	7	0	0.352272727	2.14133338	1.72388641	-0.0682474953	2.19829988	1.7921339	0	0	0	0	0	3
160	7	0	0.363636364	2.15595067	1.73697927	-0.0682474953	2.19829988	1.80522676	0	0	0	0	0	3
165	7	0	0.375	2.17657986	1.7499087	-0.0682474953	2.19829988	1.81815619	0	0	0	0	0	3
170	7	0	0.386363636	2.16591164	1.76179449	-0.0682474953	2.19829988	1.83004199	0	0	0	0	0	3
175	8	0	0.397727273	2.20055176	1.7739822	-0.0682474953	2.20055176	1.84222969	0	0	0	0	0	3
180	8	0	0.409090909	2.2102826	1.7857741	-0.0682474953	2.2102826	1.85402159	0	0	0	0	0	3
185	8	0	0.420454545	2.24792868	1.79793606	-0.0682474953	2.24792868	1.86618356	0	0	0	0	0	3
190	9	0	0.431818182	2.21845252	1.80871853	-0.0682474953	2.24792868	1.87696603	0	0	0	0	0	3
195	9	0	0.443181818	2.24970626	1.81974323	-0.0682474953	2.24970626	1.88799072	0	0	0	0	0	3
200	9	0	0.454545455	2.23486642	1.82986818	-0.0682474953	2.24970626	1.89811568	0	0	0	0	0	3
205	9	0	0.465909091	2.26684964	1.8402725	-0.0682474953	2.26684964	1.90852	0	0	0	0	0	3
210	10	0	0.477272727	2.24842531	1.84976443	-0.0682474953	2.26684964	1.91801192	0	0	0	0	0	3
215	10	0	0.488636364	2.26625972	1.85923023	-0.0682474953	2.26684964	1.92747773	0	0	0	0	0	3
220	10	0	0.5	2.27679377	1.86850942	-0.0682474953	2.27679377	1.93675692	0	0	0	0	0	3
225	10	0	0.511363636	2.29117416	1.9611288	0.608002698	2.29117416	1.68317146	0	0	0	0	0	3
230	11	0	0.522727273	2.27843338	1.99909314	0.815041948	2.29117416	1.47613221	0	0	0	0	0	3
235	11	0	0.534090909	2.29342694	2.0326928	0.933474392	2.29342694	1.35995255	0	0	0	0	0	3
240	11	0	0.545454545	2.28533012	2.03830696	0.933474392	2.29342694	1.35995255	0	0	0	0	0	3
245	12	0	0.556818182	2.29357191	2.06768232	0.933474392	2.29357191	1.36009752	0	0	0	0	0	3
250	12	0	0.568181818	2.27935821	2.11895828	1.19779509	2.29357191	1.09577682	0	0	0	0	0	3
255	12	0	0.579545455	2.2849572	2.14366651	1.42420527	2.29357191	0.869366642	0	0	0	0	0	3
260	12	0	0.590909091	2.27795247	2.16306985	1.52150093	2.29357191	0.772070982	0	0	0	0	0	3
265	13	0	0.602272727	2.2897499	2.18053005	1.66458137	2.29357191	0.628990543	0	0	0	0	0	3
270	13	0	0.613636364	2.29892151	2.19494688	1.8592818	2.29892151	0.439639706	0	0	0	0	0	3
275	13	0	0.625	2.2941155	2.20482946	2.05338522	2.29892151	0.245536289	0	0	0	0	0	3
280	13	0	0.636363636	2.3148249	2.21077127	2.12759299	2.3148249	0.187231906	0	0	0	0	0	3
285	14	0	0.647727273	2.3219833	2.21472281	2.12759299	2.3219833	0.194390315	0	0	0	0	0	3
290	14	0	0.659090909	2.33165689	2.21818171	2.12759299	2.33165689	0.204063901	0	0	0	0	0	3
295	14	0	0.670454545	2.33134347	2.22235304	2.12759299	2.33165689	0.204063901	0	0	0	0	0	3
300	15	0	0.681818182	2.3469658	2.22512221	2.12759299	2.3469658	0.219372807	0	0	0	0	0	3
305	15	0	0.693181818	2.34895808	2.23218145	2.12759299	2.34895808	0.22136509	0	0	0	0	0	3
310	15	0	0.704545455	2.34067451	2.23648812	2.12759299	2.34895808	0.22136509	0	0	0	0	0	3
315	15	0	0.715909091	2.36064861	2.24048835	2.12759299	2.36064861	0.233055621	0	0	0	0	0	3
320	16	0	0.727272727	2.34170622	2.24374758	2.12759299	2.36064861	0.233055621	0	0	0	0	0	3
325	16	0	0.738636364	2.35587551	2.24766667	2.12759299	2.36064861	0.233055621	0	0	0	0	0	3
330	16	0	0.75	2.36095731	2.25200178	2.12759299	2.36095731	0.23336432	0	0	0	0	0	3
335	17	0	0.761363636	2.36053532	2.25694277	2.12759299	2.36095731	0.23336432	0	0	0	0	0	3
340	17	0	0.772727273	2.36356655	2.26211081	2.12759299	2.36356655	0.235973564	0	0	0	0	0	3
345	17	0	0.784090909	2.35762237	2.26423329	2.12759299	2.36356655	0.235973564	0	0	0	0	0	3
350	17	0	0.795454545	2.36091336	2.26910595	2.12759299	2.36356655	0.235973564	0	0	0	0	0	3
355	18	0	0.806818182	2.35748357	2.27374649	2.12759299	2.36356655	0.235973564	0	0	0	0	0	3
360	18	0	0.818181818	2.34272211	2.28150466	2.12759299	2.36356655	0.235973564	0	0	0	0	0	3
365	18	0	0.829545455	2.33966893	2.28619508	2.12759299	2.36356655	0.235973564	0	0	0	0	0	3
370	19	0	0.840909091	2.35157797	2.29128564	2.14133338	2.36356655	0.222233173	0	0	0	0	0	3
375	19	0	0.852272727	2.34404976	2.29589283	2.15595067	2.36356655	0.207615885	0	0	0	0	0	3
380	19	0	0.863636364	2.32942202	2.29983536	2.16591164	2.36356655	0.197654912	0	0	0	0	0	3
385	20	0	0.875	2.326789	2.30324921	2.16591164	2.36356655	0.197654912	0	0	0	0	0	3
390	20	0	0.886363636	2.32654144	2.30689989	2.20055176	2.36356655	0.16301479	0	0	0	0	0	3
395	20	0	0.897727273	2.33512662	2.30995841	2.2102826	2.36356655	0.153283953	0	0	0	0	0	3
400	20	0	0.909090909	2.34114614	2.31065147	2.2102826	2.36356655	0.153283953	0	0	0	0	0	3
405	21	0	0.920454545	2.32775152	2.31326189	2.21845252	2.36356655	0.145114035	0	0	0	0	0	3
410	21	0	0.931818182	2.34728098	2.31546972	2.21845252	2.36356655	0.145114035	0	0	0	0	0	3
415	21	0	0.943181818	2.32501207	2.31938615	2.23486642	2.36356655	0.128700133	0	0	0	0	0	3
420	22	0	0.954545455	2.32434603	2.32141977	2.24842531	2.36356655	0.115141245	0	0	0	0	0	3
425	22	0	0.965909091	2.33556657	2.32298152	2.24842531	2.36356655	0.115141245	0	0	0	0	0	3
430	22	0	0.977272727	2.32444772	2.32470931	2.26625972	2.36356655	0.0973068295	0	0	0	0	0	3
435	22	0	0.988636364	2.32158594	2.32596672	2.27679377	2.36356655	0.086772787	0	0	0	0	0	3
440	23	0	1	2.34685566	2.32755903	2.27795247	2.36356655	0.0856140839	0.331633251	0	100	0	0	3
445	23	0	1.01136364	2.35717299	2.32905901	2.27795247	2.36356655	0.0856140839	0.331633251	0	100	0	0	3
450	23	0	1.02272727	2.36023292	2.33091809	2.27795247	2.36356655	0.0856140839	0.331633251	0	100	0	0	3
455	24	0	1.03409091	2.34038666	2.33198535	2.27795247	2.36356655	0.0856140839	0.331633251	0	100	0	0	3
460	24	0	1.04545455	2.33802755	2.33318302	2.27795247	2.36356655	0.0856140839	0.331633251	0	100	0	0	3
465	24	0	1.05681818	2.33572832	2.33414112	2.27795247	2.36356655	0.0856140839	0.331633251	0	100	0	0	3
470	24	0	1.06818182	2.33477151	2.33415513	2.27795247	2.36356655	0.0856140839	0.331633251	0	100	0	0	3
475	25	0	1.07954545	2.33075387	2.33644135	2.27795247	2.36356655	0.0856140839	0.331633251	0	100	0	0	3
480	25	0	1.09090909	2.33024884	2.33630374	2.27795247	2.36356655	0.0856140839	0.331633251	0	100	0	0	3
485	25	0	1.10227273	2.3256399	2.33844559	2.2941155	2.36356655	0.0694510523	0.331633251	0	100	0	0	3
490	26	0	1.11363636	2.32750954	2.33820256	2.2941155	2.36356655	0.0694510523	0.331633251	0	100	0	0	3
495	26	0	1.125	2.32413345	2.33977754	2.3148249	2.36356655	0.0487416576	0.331633251	0	100	0	0	3
500	26	0	1.13636364	2.32352351	2.33997524	2.32158594	2.36356655	0.0419806165	0.331633251	0	100	0	0	3
505	27	0	1.14772727	2.32028839	2.33993672	2.32028839	2.36356655	0.0432781675	0.331633251	0	100	0	0	3
510	27	0	1.15909091	2.31532126	2.33956545	2.31532126	2.36356655	0.048245296	0.331633251	0	100	0	0	3
515	27	0	1.17045455	2.31684608	2.33923597	2.31532126	2.36356655	0.048245296	0.331633251	0	100	0	0	3
520	28	0	1.18181818	2.31634041	2.33853993	2.31532126	2.36356655	0.048245296	0.331633251	0	100	0	0	3
525	28	0	1.19318182	2.31478753	2.3380121	2.31478753	2.36356655	0.0487790252	0.331633251	0	100	0	0	3
530	28	0	1.20454545	2.32091811	2.33731432	2.31478753	2.36356655	0.0487790252	0.331633251	0	100	0	0	3
535	28	0	1.21590909	2.32409667	2.3370206	2.31478753	2.36356655	0.0487790252	0.331633251	0	100	0	0	3
540	29	0	1.22727273	2.31926273	2.33597352	2.31478753	2.36356655	0.0487790252	0.331633251	0	100	0	0	3
545	29	0	1.23863636	2.31434945	2.33549298	2.31434945	2.36356655	0.0492171015	0.331633251	0	100	0	0	3
550	29	0	1.25	2.31560198	2.33399894	2.31434945	2.36356655	0.0492171015	0.331633251	0	100	0	0	3
555	30	0	1.26136364	2.31391104	2.3329393	2.31391104	2.36356655	0.0496555184	0.331633251	0	100	0	0	3
560	30	0	1.27272727	2.31407169	2.33181441	2.31391104	2.36091336	0.0470023235	0.331633251	0	100	0	0	3
565	30	0	1.28409091	2.31136439	2.3307631	2.31136439	2.36091336	0.0495489646	0.331633251	0	100	0	0	3
570	31	0	1.29545455	2.31150161	2.3296401	2.31136439	2.36023292	0.0488685277	0.331633251	0	100	0	0	3
575	31	0	1.30681818	2.30915715	2.32854177	2.30915715	2.36023292	0.0510757766	0.331633251	0	100	0	0	3
580	31	0	1.31818182	2.30568846	2.32803392	2.30568846	2.36023292	0.0545444624	0.331633251	0	100	0	0	3
585	32	0	1.32954545	2.30453555	2.32690161	2.30453555	2.36023292	0.0486895931	0.331633251	0	100	0	0	3
590	32	0	1.34090909	2.30053024	2.32631558	2.30053024	2.36023292	0.0486895931	0.331633251	0	100	0	0	3
595	32	0	1.35227273	2.30337739	2.32481707	2.30053024	2.36023292	0.0401398721	0.331633251	0	100	0	0	3
600	33	0	1.36363636	2.29977122	2.32426049	2.29977122	2.36023292	0.0401398721	0.331633251	0	100	0	0	3
605	33	0	1.375	2.29638097	2.32345209	2.29638097	2.36023292	0.0330753509	0.331633251	0	100	0	0	3
610	33	0	1.38636364	2.29669608	2.32277379	2.29638097	2.36023292	0.0300168314	0.331633251	0	100	0	0	3
615	34	0	1.39772727	2.29261193	2.32180755	2.29261193	2.36023292	0.0293237706	0.331633251	0	100	0	0	3
620	34	0	1.40909091	2.28803182	2.3206004	2.28803182	2.36023292	0.0267133502	0.331633251	0	100	0	0	3
625	34	0	1.42045455	2.29065075	2.3197572	2.28803182	2.36023292	0.0245055213	0.331633251	0	100	0	0	3
630	34	0	1.43181818	2.28962772	2.3184469	2.28803182	2.36023292	0.0215283353	0.331633251	0	100	0	0	3
635	35	0	1.44318182	2.28777777	2.31776536	2.28777777	2.36023292	0.0222098716	0.331633251	0	100	0	0	3
640	35	0	1.45454545	2.29214707	2.31686887	2.28777777	2.36023292	0.0231063639	0.331633251	0	100	0	0	3
645	35	0	1.46590909	2.28799989	2.31622734	2.28777777	2.36023292	0.0237478967	0.331633251	0	100	0	0	3
650	35	0	1.47727273	2.29003724	2.31500576	2.28777777	2.36023292	0.024969481	0.331633251	0	100	0	0	3
655	35	0	1.48863636	2.29257697	2.31450734	2.28777777	2.36023292	0.0254678984	0.331633251	0	100	0	0	3
660	36	0	1.5	2.2918462	2.31309625	2.28777777	2.36023292	0.0268789906	0.331633251	0	100	0	0	3
665	36	0	1.51136364	2.29892767	2.31177249	2.28777777	2.36023292	0.028202748	0.331633251	0	100	0	0	3
670	36	0	1.52272727	2.30181991	2.31044492	2.28777777	2.34038666	0.0295303166	0.331633251	0	100	0	0	3
675	36	0	1.53409091	2.29526731	2.30941948	2.28777777	2.33802755	0.0305557565	0.331633251	0	100	0	0	3
680	36	0	1.54545455	2.29651662	2.30847605	2.28777777	2.33572832	0.0314991868	0.331633251	0	100	0	0	3
685	37	0	1.55681818	2.29996597	2.30766327	2.28777777	2.33477151	0.0323119674	0.331633251	0	100	0	0	3
