Iteration	CPUTime	PhysTime	Travels	Value	AvValue	MinValue	MaxValue	Delta	Criteria	PrevAvRefValue	Progress	CriteriaType	CriteriaVarType	CriteriaPercentage
1	1	0	0.00192307692	-52.7964668	-52.7964668	-52.7964668	-52.7964668	0	0	0	0	0	0	3
5	1	0	0.00961538462	-48.3905422	-50.5935045	-52.7964668	-48.3905422	2.20296227	0	0	0	0	0	3
10	1	0	0.0192307692	-46.0624706	-49.0831598	-52.7964668	-46.0624706	3.71330691	0	0	0	0	0	3
15	2	0	0.0288461538	-45.1419661	-48.0978614	-52.7964668	-45.1419661	4.69860536	0	0	0	0	0	3
20	2	0	0.0384615385	-45.3758249	-47.5534541	-52.7964668	-45.1419661	5.24301266	0	0	0	0	0	3
25	2	0	0.0480769231	-45.3980004	-47.1942118	-52.7964668	-45.1419661	5.60225495	0	0	0	0	0	3
30	2	0	0.0576923077	-44.7572723	-46.8460776	-52.7964668	-44.7572723	5.95038917	0	0	0	0	0	3
35	2	0	0.0673076923	-44.2547169	-46.5221575	-52.7964668	-44.2547169	6.27430926	0	0	0	0	0	3
40	3	0	0.0769230769	-43.6390167	-46.2018085	-52.7964668	-43.6390167	6.59465823	0	0	0	0	0	3
45	3	0	0.0865384615	-42.7088795	-45.8525156	-52.7964668	-42.7088795	6.94395113	0	0	0	0	0	3
50	3	0	0.0961538462	-41.7335583	-45.478065	-52.7964668	-41.7335583	7.3184018	0	0	0	0	0	3
55	4	0	0.105769231	-40.667028	-45.0771452	-52.7964668	-40.667028	7.71932155	0	0	0	0	0	3
60	4	0	0.115384615	-38.8875694	-44.601024	-52.7964668	-38.8875694	8.19544277	0	0	0	0	0	3
65	4	0	0.125	-37.7291968	-44.1101792	-52.7964668	-37.7291968	8.68628757	0	0	0	0	0	3
70	5	0	0.134615385	-36.1777764	-43.5813523	-52.7964668	-36.1777764	9.21511442	0	0	0	0	0	3
75	5	0	0.144230769	-35.0435012	-43.0477366	-52.7964668	-35.0435012	9.74873012	0	0	0	0	0	3
80	5	0	0.153846154	-33.4680003	-42.4842227	-52.7964668	-33.4680003	10.312244	0	0	0	0	0	3
85	6	0	0.163461538	-33.093112	-41.9624944	-52.7964668	-33.093112	10.8339724	0	0	0	0	0	3
90	6	0	0.173076923	-32.1607407	-41.4466126	-52.7964668	-32.1607407	11.3498542	0	0	0	0	0	3
95	6	0	0.182692308	-31.8110016	-40.964832	-52.7964668	-31.8110016	11.8316347	0	0	0	0	0	3
100	7	0	0.192307692	-31.3630822	-40.5076059	-52.7964668	-31.3630822	12.2888609	0	0	0	0	0	3
105	7	0	0.201923077	-30.9540993	-40.0733556	-52.7964668	-30.9540993	12.7231112	0	0	0	0	0	3
110	8	0	0.211538462	-30.5807076	-39.6606317	-52.7964668	-30.5807076	13.135835	0	0	0	0	0	3
115	8	0	0.221153846	-29.8042005	-39.2499471	-52.7964668	-29.8042005	13.5465197	0	0	0	0	0	3
120	8	0	0.230769231	-29.507793	-38.8602609	-52.7964668	-29.507793	13.9362058	0	0	0	0	0	3
125	9	0	0.240384615	-29.1115696	-38.4853113	-52.7964668	-29.1115696	14.3111555	0	0	0	0	0	3
130	9	0	0.25	-28.5729717	-38.1181876	-52.7964668	-28.5729717	14.6782792	0	0	0	0	0	3
135	9	0	0.259615385	-28.34175	-37.7690291	-52.7964668	-28.34175	15.0274377	0	0	0	0	0	3
140	10	0	0.269230769	-28.0812532	-37.4349679	-52.7964668	-28.0812532	15.3614989	0	0	0	0	0	3
145	10	0	0.278846154	-28.1425364	-37.1252201	-52.7964668	-28.0812532	15.6712466	0	0	0	0	0	3
150	10	0	0.288461538	-28.1656109	-36.8362005	-52.7964668	-28.0812532	15.9602663	0	0	0	0	0	3
155	11	0	0.298076923	-28.1929285	-36.5660982	-52.7964668	-28.0812532	16.2303685	0	0	0	0	0	3
160	11	0	0.307692308	-28.2626038	-36.3144772	-52.7964668	-28.0812532	16.4819896	0	0	0	0	0	3
165	11	0	0.317307692	-28.3485698	-36.0801858	-52.7964668	-28.0812532	16.716281	0	0	0	0	0	3
170	12	0	0.326923077	-28.4075925	-35.8609689	-52.7964668	-28.0812532	16.9354979	0	0	0	0	0	3
175	12	0	0.336538462	-28.3975822	-35.6536526	-52.7964668	-28.0812532	17.1428142	0	0	0	0	0	3
180	12	0	0.346153846	-28.3454832	-35.4561345	-52.7964668	-28.0812532	17.3403323	0	0	0	0	0	3
185	13	0	0.355769231	-28.1959016	-35.2650757	-52.7964668	-28.0812532	17.5313911	0	0	0	0	0	3
190	13	0	0.365384615	-28.1493727	-35.0826218	-52.7964668	-28.0812532	17.713845	0	0	0	0	0	3
195	14	0	0.375	-28.1044387	-34.9081672	-52.7964668	-28.0812532	17.8882996	0	0	0	0	0	3
200	14	0	0.384615385	-28.2132717	-34.7448771	-52.7964668	-28.0812532	18.0515897	0	0	0	0	0	3
205	14	0	0.394230769	-28.1708756	-34.5883532	-52.7964668	-28.0812532	18.2081135	0	0	0	0	0	3
210	15	0	0.403846154	-28.1171805	-34.4378608	-52.7964668	-28.0812532	18.3586059	0	0	0	0	0	3
215	15	0	0.413461538	-28.0646295	-34.2930147	-52.7964668	-28.0646295	18.5034521	0	0	0	0	0	3
220	16	0	0.423076923	-27.9799287	-34.1527239	-52.7964668	-27.9799287	18.6437429	0	0	0	0	0	3
225	16	0	0.432692308	-27.8656641	-34.0160487	-52.7964668	-27.8656641	18.7804181	0	0	0	0	0	3
230	16	0	0.442307692	-27.8379431	-33.8845996	-52.7964668	-27.8379431	18.9118672	0	0	0	0	0	3
235	17	0	0.451923077	-27.8277415	-33.7584151	-52.7964668	-27.8277415	19.0380517	0	0	0	0	0	3
240	17	0	0.461538462	-27.7990382	-33.6367951	-52.7964668	-27.7990382	19.1596716	0	0	0	0	0	3
245	17	0	0.471153846	-27.7360919	-33.5187811	-52.7964668	-27.7360919	19.2776857	0	0	0	0	0	3
250	18	0	0.480769231	-27.8100062	-33.4068443	-52.7964668	-27.7360919	19.3896225	0	0	0	0	0	3
255	18	0	0.490384615	-27.591777	-33.2950161	-52.7964668	-27.591777	19.5014507	0	0	0	0	0	3
260	19	0	0.5	-27.9050429	-33.1933185	-52.7964668	-27.591777	19.6031483	0	0	0	0	0	3
265	19	0	0.509615385	-27.9733757	-32.7249583	-48.3905422	-27.591777	17.8685462	0	0	0	0	0	3
270	19	0	0.519230769	-27.7415083	-32.0713708	-45.3980004	-27.591777	16.0264906	0	0	0	0	0	3
275	20	0	0.528846154	-27.7701489	-31.7372974	-45.3980004	-27.591777	15.8161567	0	0	0	0	0	3
280	20	0	0.538461538	-27.8986795	-31.4011985	-45.3980004	-27.591777	15.7930133	0	0	0	0	0	3
285	21	0	0.548076923	-27.7573314	-31.0619548	-44.7572723	-27.591777	15.7841227	0	0	0	0	0	3
290	21	0	0.557692308	-27.7848885	-30.7355628	-44.2547169	-27.591777	15.7865947	0	0	0	0	0	3
295	21	0	0.567307692	-27.8680127	-30.4204339	-43.6390167	-27.591777	15.7813746	0	0	0	0	0	3
300	22	0	0.576923077	-27.6824867	-30.3687745	-43.6390167	-27.591777	15.833034	0	0	0	0	0	3
305	22	0	0.586538462	-27.6084299	-29.8231843	-41.7335583	-27.591777	14.1417813	0	0	0	0	0	3
310	23	0	0.596153846	-27.723617	-29.5537624	-40.667028	-27.591777	13.075251	0	0	0	0	0	3
315	23	0	0.605769231	-27.7067965	-29.518914	-40.667028	-27.591777	13.075251	0	0	0	0	0	3
320	23	0	0.615384615	-27.6785386	-29.0889689	-37.7291968	-27.591777	10.1374198	0	0	0	0	0	3
325	24	0	0.625	-27.6433105	-28.8950095	-36.1777764	-27.591777	8.58599941	0	0	0	0	0	3
330	24	0	0.634615385	-27.604619	-28.7301411	-35.0435012	-27.591777	7.4517242	0	0	0	0	0	3
335	24	0	0.644230769	-27.5448954	-28.5859371	-33.4680003	-27.5448954	5.92310482	0	0	0	0	0	3
340	25	0	0.653846154	-27.5566139	-28.4722566	-33.093112	-27.5448954	5.54821653	0	0	0	0	0	3
345	25	0	0.663461538	-27.5079267	-28.3648492	-32.1607407	-27.5079267	4.65281395	0	0	0	0	0	3
350	26	0	0.673076923	-27.5084713	-28.2753825	-31.8110016	-27.5079267	4.30307486	0	0	0	0	0	3
355	26	0	0.682692308	-27.4803097	-28.1921	-31.3630822	-27.4803097	3.88277253	0	0	0	0	0	3
360	26	0	0.692307692	-27.5013896	-28.1178366	-30.9540993	-27.4803097	3.47378966	0	0	0	0	0	3
365	27	0	0.701923077	-27.5205599	-28.1065673	-30.9540993	-27.4803097	3.47378966	0	0	0	0	0	3
370	27	0	0.711538462	-27.6178047	-27.9948281	-29.8042005	-27.4803097	2.32389082	0	0	0	0	0	3
375	27	0	0.721153846	-27.5803768	-27.9520623	-29.507793	-27.4803097	2.0274833	0	0	0	0	0	3
380	28	0	0.730769231	-27.3266144	-27.9402614	-29.507793	-27.3266144	2.18117857	0	0	0	0	0	3
385	28	0	0.740384615	-27.2691355	-27.8746851	-28.5729717	-27.2691355	1.30383618	0	0	0	0	0	3
390	29	0	0.75	-27.5792301	-27.8555747	-28.4075925	-27.2691355	1.13845702	0	0	0	0	0	3
395	29	0	0.759615385	-27.2395775	-27.8439521	-28.4075925	-27.2395775	1.16801498	0	0	0	0	0	3
400	29	0	0.769230769	-27.2413255	-27.8182266	-28.4075925	-27.2395775	1.16801498	0	0	0	0	0	3
405	30	0	0.778846154	-27.4240447	-27.8044095	-28.4075925	-27.2395775	1.16801498	0	0	0	0	0	3
410	30	0	0.788461538	-27.1975495	-27.7857929	-28.4075925	-27.1975495	1.21004305	0	0	0	0	0	3
415	31	0	0.798076923	-27.1334168	-27.7654177	-28.4075925	-27.1334168	1.27417569	0	0	0	0	0	3
420	31	0	0.807692308	-27.4132323	-27.7490836	-28.4075925	-27.1334168	1.27417569	0	0	0	0	0	3
425	31	0	0.817307692	-27.3224951	-27.7293514	-28.4075925	-27.1334168	1.27417569	0	0	0	0	0	3
430	32	0	0.826923077	-27.0817519	-27.7171326	-28.4075925	-27.0817519	1.32584064	0	0	0	0	0	3
435	32	0	0.836538462	-27.2687781	-27.6821467	-28.3454832	-27.0817519	1.26373132	0	0	0	0	0	3
440	33	0	0.846153846	-27.1215458	-27.6586095	-28.2132717	-27.0817519	1.13151983	0	0	0	0	0	3
445	33	0	0.855769231	-26.7891789	-27.6422051	-28.2132717	-26.7891789	1.42409283	0	0	0	0	0	3
450	33	0	0.865384615	-26.9591844	-27.6086689	-28.2132717	-26.7891789	1.42409283	0	0	0	0	0	3
455	34	0	0.875	-26.9031211	-27.5855666	-28.2132717	-26.7891789	1.42409283	0	0	0	0	0	3
460	34	0	0.884615385	-26.9041789	-27.5727102	-28.2132717	-26.7891789	1.42409283	0	0	0	0	0	3
465	34	0	0.894230769	-26.6195114	-27.5305578	-28.1171805	-26.6195114	1.49766913	0	0	0	0	0	3
470	35	0	0.903846154	-26.9131064	-27.5074025	-28.0646295	-26.6195114	1.44511811	0	0	0	0	0	3
475	35	0	0.913461538	-26.8656132	-27.4843445	-27.9799287	-26.6195114	1.36041728	0	0	0	0	0	3
480	36	0	0.923076923	-26.6622444	-27.4590045	-27.9733757	-26.6195114	1.35386427	0	0	0	0	0	3
485	36	0	0.932692308	-26.8865149	-27.4401747	-27.9733757	-26.6195114	1.35386427	0	0	0	0	0	3
490	37	0	0.942307692	-26.9313301	-27.4227398	-27.9733757	-26.6195114	1.35386427	0	0	0	0	0	3
495	37	0	0.951923077	-26.6737043	-27.4086071	-27.9733757	-26.6195114	1.35386427	0	0	0	0	0	3
500	37	0	0.961538462	-26.9601349	-27.384414	-27.9733757	-26.6195114	1.35386427	0	0	0	0	0	3
505	38	0	0.971153846	-26.9482866	-27.3692639	-27.9733757	-26.6195114	1.35386427	0	0	0	0	0	3
510	38	0	0.980769231	-26.7326956	-27.3572532	-27.9733757	-26.6195114	1.35386427	0	0	0	0	0	3
515	39	0	0.990384615	-26.7199029	-27.3317796	-27.9733757	-26.6195114	1.35386427	0	0	0	0	0	3
520	39	0	1	-26.9624819	-27.3136534	-27.9733757	-26.6195114	1.35386427	2.5017527	0	100	0	0	3
525	40	0	1.00961538	-26.7664819	-27.2904439	-27.8986795	-26.6195114	1.27916816	2.5017527	0	100	0	0	3
530	40	0	1.01923077	-26.7122171	-27.279534	-27.8986795	-26.6195114	1.27916816	2.5017527	0	100	0	0	3
535	41	0	1.02884615	-27.0569618	-27.266618	-27.8986795	-26.6195114	1.27916816	2.5017527	0	100	0	0	3
540	41	0	1.03846154	-27.0132234	-27.2399067	-27.8680127	-26.6195114	1.24850127	2.5017527	0	100	0	0	3
545	41	0	1.04807692	-26.7897364	-27.2212991	-27.8680127	-26.6195114	1.24850127	2.5017527	0	100	0	0	3
550	42	0	1.05769231	-26.9714492	-27.2056561	-27.8680127	-26.6195114	1.24850127	2.5017527	0	100	0	0	3
555	42	0	1.06730769	-27.0369204	-27.1896735	-27.723617	-26.6195114	1.1041056	2.5017527	0	100	0	0	3
560	43	0	1.07692308	-26.7600134	-27.1719337	-27.723617	-26.6195114	1.1041056	2.5017527	0	100	0	0	3
565	43	0	1.08653846	-27.0187976	-27.1690443	-27.723617	-26.6195114	1.1041056	2.5017527	0	100	0	0	3
570	44	0	1.09615385	-27.0181966	-27.1470288	-27.7067965	-26.6195114	1.08728508	2.5017527	0	100	0	0	3
575	44	0	1.10576923	-26.8441843	-27.1304401	-27.6785386	-26.6195114	1.05902718	2.5017527	0	100	0	0	3
580	44	0	1.11538462	-27.0137447	-27.1176556	-27.6433105	-26.6195114	1.02379913	2.5017527	0	100	0	0	3
585	45	0	1.125	-27.0418678	-27.1060894	-27.6178047	-26.6195114	0.998293294	2.5017527	0	100	0	0	3
590	45	0	1.13461538	-26.7988699	-27.0905942	-27.6178047	-26.6195114	0.998293294	2.5017527	0	100	0	0	3
595	46	0	1.14423077	-26.8082304	-27.0852666	-27.6178047	-26.6195114	0.998293294	2.5017527	0	100	0	0	3
600	46	0	1.15384615	-27.0060816	-27.0751003	-27.6178047	-26.6195114	0.998293294	2.5017527	0	100	0	0	3
605	47	0	1.16346154	-26.8134356	-27.0524848	-27.6178047	-26.6195114	0.998293294	2.5017527	0	100	0	0	3
610	47	0	1.17307692	-26.7664998	-27.0382161	-27.6178047	-26.6195114	0.998293294	2.5017527	0	100	0	0	3
615	48	0	1.18269231	-27.0542637	-27.030023	-27.6178047	-26.6195114	0.998293294	2.5017527	0	100	0	0	3
