Iteration	CPUTime	PhysTime	Travels	Value	AvValue	MinValue	MaxValue	Delta	Criteria	PrevAvRefValue	Progress	CriteriaType	CriteriaVarType	CriteriaPercentage
1	1	0	0.00192307692	293.241781	293.241781	293.241781	293.241781	0	0	0	0	0	0	3
5	1	0	0.00961538462	293.318227	293.280004	293.241781	293.318227	0.0382230559	0	0	0	0	0	3
10	1	0	0.0192307692	293.332843	293.297617	293.241781	293.332843	0.0558362044	0	0	0	0	0	3
15	2	0	0.0288461538	293.328196	293.305262	293.241781	293.332843	0.0634810648	0	0	0	0	0	3
20	2	0	0.0384615385	293.348599	293.313929	293.241781	293.348599	0.0721486373	0	0	0	0	0	3
25	2	0	0.0480769231	293.39746	293.327851	293.241781	293.39746	0.0860704134	0	0	0	0	0	3
30	2	0	0.0576923077	293.470204	293.348187	293.241781	293.470204	0.106406605	0	0	0	0	0	3
35	2	0	0.0673076923	293.562217	293.374941	293.241781	293.562217	0.133160398	0	0	0	0	0	3
40	3	0	0.0769230769	293.669162	293.407632	293.241781	293.669162	0.165851623	0	0	0	0	0	3
45	3	0	0.0865384615	293.785902	293.445459	293.241781	293.785902	0.203678614	0	0	0	0	0	3
50	3	0	0.0961538462	293.906386	293.487362	293.241781	293.906386	0.245581064	0	0	0	0	0	3
55	4	0	0.105769231	294.02109	293.531839	293.241781	294.02109	0.29005841	0	0	0	0	0	3
60	4	0	0.115384615	294.116651	293.576824	293.241781	294.116651	0.335043976	0	0	0	0	0	3
65	4	0	0.125	294.179334	293.619861	293.241781	294.179334	0.378080401	0	0	0	0	0	3
70	5	0	0.134615385	294.198676	293.658449	293.241781	294.198676	0.416668045	0	0	0	0	0	3
75	5	0	0.144230769	294.172564	293.690581	293.241781	294.198676	0.448800287	0	0	0	0	0	3
80	5	0	0.153846154	294.107231	293.71509	293.241781	294.198676	0.473309095	0	0	0	0	0	3
85	6	0	0.163461538	294.012888	293.731634	293.241781	294.198676	0.489853434	0	0	0	0	0	3
90	6	0	0.173076923	293.900161	293.740504	293.241781	294.198676	0.498723292	0	0	0	0	0	3
95	6	0	0.182692308	293.780346	293.742496	293.241781	294.198676	0.500715425	0	0	0	0	0	3
100	7	0	0.192307692	293.662744	293.738698	293.241781	294.198676	0.500715425	0	0	0	0	0	3
105	7	0	0.201923077	293.552926	293.730254	293.241781	294.198676	0.500715425	0	0	0	0	0	3
110	8	0	0.211538462	293.454167	293.71825	293.241781	294.198676	0.500715425	0	0	0	0	0	3
115	8	0	0.221153846	293.368752	293.703688	293.241781	294.198676	0.500715425	0	0	0	0	0	3
120	8	0	0.230769231	293.297107	293.687425	293.241781	294.198676	0.500715425	0	0	0	0	0	3
125	9	0	0.240384615	293.238641	293.670164	293.238641	294.198676	0.500715425	0	0	0	0	0	3
130	9	0	0.25	293.192018	293.652455	293.192018	294.198676	0.500715425	0	0	0	0	0	3
135	9	0	0.259615385	293.156294	293.634735	293.156294	294.198676	0.500715425	0	0	0	0	0	3
140	10	0	0.269230769	293.130035	293.617331	293.130035	294.198676	0.500715425	0	0	0	0	0	3
145	10	0	0.278846154	293.111719	293.600477	293.111719	294.198676	0.500715425	0	0	0	0	0	3
150	10	0	0.288461538	293.09998	293.584332	293.09998	294.198676	0.500715425	0	0	0	0	0	3
155	11	0	0.298076923	293.094031	293.56901	293.094031	294.198676	0.500715425	0	0	0	0	0	3
160	11	0	0.307692308	293.093273	293.554594	293.093273	294.198676	0.500715425	0	0	0	0	0	3
165	11	0	0.317307692	293.097015	293.541136	293.093273	294.198676	0.500715425	0	0	0	0	0	3
170	12	0	0.326923077	293.103547	293.528633	293.093273	294.198676	0.500715425	0	0	0	0	0	3
175	12	0	0.336538462	293.112087	293.517063	293.093273	294.198676	0.500715425	0	0	0	0	0	3
180	12	0	0.346153846	293.122082	293.506387	293.093273	294.198676	0.500715425	0	0	0	0	0	3
185	13	0	0.355769231	293.133842	293.496584	293.093273	294.198676	0.500715425	0	0	0	0	0	3
190	13	0	0.365384615	293.147305	293.487628	293.093273	294.198676	0.500715425	0	0	0	0	0	3
195	14	0	0.375	293.162103	293.47949	293.093273	294.198676	0.500715425	0	0	0	0	0	3
200	14	0	0.384615385	293.177622	293.472127	293.093273	294.198676	0.500715425	0	0	0	0	0	3
205	14	0	0.394230769	293.193932	293.465503	293.093273	294.198676	0.500715425	0	0	0	0	0	3
210	15	0	0.403846154	293.211305	293.459592	293.093273	294.198676	0.500715425	0	0	0	0	0	3
215	15	0	0.413461538	293.229526	293.454363	293.093273	294.198676	0.500715425	0	0	0	0	0	3
220	16	0	0.423076923	293.248882	293.449797	293.093273	294.198676	0.500715425	0	0	0	0	0	3
225	16	0	0.432692308	293.269709	293.445882	293.093273	294.198676	0.500715425	0	0	0	0	0	3
230	16	0	0.442307692	293.292066	293.442609	293.093273	294.198676	0.500715425	0	0	0	0	0	3
235	17	0	0.451923077	293.316398	293.43998	293.093273	294.198676	0.500715425	0	0	0	0	0	3
240	17	0	0.461538462	293.342717	293.437995	293.093273	294.198676	0.500715425	0	0	0	0	0	3
245	17	0	0.471153846	293.371273	293.43666	293.093273	294.198676	0.500715425	0	0	0	0	0	3
250	18	0	0.480769231	293.401037	293.435962	293.093273	294.198676	0.500715425	0	0	0	0	0	3
255	18	0	0.490384615	293.431956	293.435885	293.093273	294.198676	0.500715425	0	0	0	0	0	3
260	19	0	0.5	293.46369	293.436409	293.093273	294.198676	0.500715425	0	0	0	0	0	3
265	19	0	0.509615385	293.496458	293.441215	293.093273	294.198676	0.462492369	0	0	0	0	0	3
270	19	0	0.519230769	293.530057	293.447372	293.093273	294.198676	0.43723436	0	0	0	0	0	3
275	20	0	0.528846154	293.563659	293.451901	293.093273	294.198676	0.428566787	0	0	0	0	0	3
280	20	0	0.538461538	293.597016	293.456678	293.093273	294.198676	0.414645011	0	0	0	0	0	3
285	21	0	0.548076923	293.629246	293.461135	293.093273	294.198676	0.39430882	0	0	0	0	0	3
290	21	0	0.557692308	293.660861	293.464802	293.093273	294.198676	0.367555027	0	0	0	0	0	3
295	21	0	0.567307692	293.690917	293.467277	293.093273	294.198676	0.334863802	0	0	0	0	0	3
300	22	0	0.576923077	293.719723	293.47204	293.093273	294.198676	0.334863802	0	0	0	0	0	3
305	22	0	0.586538462	293.746468	293.467491	293.093273	294.198676	0.306611185	0	0	0	0	0	3
310	23	0	0.596153846	293.771093	293.464889	293.093273	294.198676	0.306611185	0	0	0	0	0	3
315	23	0	0.605769231	293.793296	293.471085	293.093273	294.198676	0.306611185	0	0	0	0	0	3
320	23	0	0.615384615	293.813119	293.454671	293.093273	294.198676	0.306611185	0	0	0	0	0	3
325	24	0	0.625	293.830764	293.447968	293.093273	294.198676	0.306611185	0	0	0	0	0	3
330	24	0	0.634615385	293.846344	293.441192	293.093273	294.172564	0.306611185	0	0	0	0	0	3
335	24	0	0.644230769	293.860057	293.435182	293.093273	294.107231	0.307313545	0	0	0	0	0	3
340	25	0	0.653846154	293.871843	293.430656	293.093273	294.012888	0.311840238	0	0	0	0	0	3
345	25	0	0.663461538	293.881926	293.428137	293.093273	293.900161	0.314358729	0	0	0	0	0	3
350	26	0	0.673076923	293.890569	293.427953	293.093273	293.890569	0.314543187	0	0	0	0	0	3
355	26	0	0.682692308	293.898096	293.430217	293.093273	293.898096	0.310745488	0	0	0	0	0	3
360	26	0	0.692307692	293.904492	293.434866	293.093273	293.904492	0.302301276	0	0	0	0	0	3
365	27	0	0.701923077	293.909872	293.443829	293.093273	293.909872	0.302301276	0	0	0	0	0	3
370	27	0	0.711538462	293.914224	293.450578	293.093273	293.914224	0.27573508	0	0	0	0	0	3
375	27	0	0.721153846	293.917885	293.461138	293.093273	293.917885	0.259471843	0	0	0	0	0	3
380	28	0	0.730769231	293.920921	293.469813	293.093273	293.920921	0.259471843	0	0	0	0	0	3
385	28	0	0.740384615	293.923428	293.486303	293.093273	293.923428	0.22450183	0	0	0	0	0	3
390	29	0	0.75	293.925358	293.500406	293.093273	293.925358	0.206781814	0	0	0	0	0	3
395	29	0	0.759615385	293.926545	293.508446	293.093273	293.926545	0.206781814	0	0	0	0	0	3
400	29	0	0.769230769	293.926971	293.530544	293.093273	293.926971	0.172524637	0	0	0	0	0	3
405	30	0	0.778846154	293.926492	293.546213	293.093273	293.926971	0.156379574	0	0	0	0	0	3
410	30	0	0.788461538	293.925033	293.562079	293.093273	293.926971	0.141057643	0	0	0	0	0	3
415	31	0	0.798076923	293.922929	293.57802	293.093273	293.926971	0.150067011	0	0	0	0	0	3
420	31	0	0.807692308	293.920057	293.593919	293.097015	293.926971	0.165966718	0	0	0	0	0	3
425	31	0	0.817307692	293.916654	293.609682	293.103547	293.926971	0.181729016	0	0	0	0	0	3
430	32	0	0.826923077	293.912594	293.615397	293.103547	293.926971	0.187444345	0	0	0	0	0	3
435	32	0	0.836538462	293.908217	293.640551	293.122082	293.926971	0.21259783	0	0	0	0	0	3
440	33	0	0.846153846	293.90353	293.655578	293.133842	293.926971	0.22762568	0	0	0	0	0	3
445	33	0	0.855769231	293.898617	293.660164	293.133842	293.926971	0.232211314	0	0	0	0	0	3
450	33	0	0.865384615	293.893905	293.684643	293.162103	293.926971	0.25669059	0	0	0	0	0	3
455	34	0	0.875	293.889399	293.69863	293.177622	293.926971	0.270677056	0	0	0	0	0	3
460	34	0	0.884615385	293.88509	293.702148	293.177622	293.926971	0.274195177	0	0	0	0	0	3
465	34	0	0.894230769	293.88129	293.725453	293.211305	293.926971	0.297500653	0	0	0	0	0	3
470	35	0	0.903846154	293.877785	293.73827	293.229526	293.926971	0.310317578	0	0	0	0	0	3
475	35	0	0.913461538	293.874791	293.750679	293.248882	293.926971	0.322726517	0	0	0	0	0	3
480	36	0	0.923076923	293.872281	293.762668	293.269709	293.926971	0.334714974	0	0	0	0	0	3
485	36	0	0.932692308	293.870484	293.774221	293.292066	293.926971	0.346268335	0	0	0	0	0	3
490	37	0	0.942307692	293.869064	293.785317	293.316398	293.926971	0.35736446	0	0	0	0	0	3
495	37	0	0.951923077	293.868041	293.786878	293.316398	293.926971	0.358925278	0	0	0	0	0	3
500	37	0	0.961538462	293.867546	293.806019	293.371273	293.926971	0.378065838	0	0	0	0	0	3
505	38	0	0.971153846	293.867353	293.815559	293.401037	293.926971	0.387605832	0	0	0	0	0	3
510	38	0	0.980769231	293.867489	293.816538	293.401037	293.926971	0.388585641	0	0	0	0	0	3
515	39	0	0.990384615	293.868163	293.832917	293.46369	293.926971	0.404964655	0	0	0	0	0	3
520	39	0	1	293.869169	293.840715	293.496458	293.926971	0.412762321	0.127024079	0	0	0	0	3
525	40	0	1.00961538	293.870442	293.847907	293.530057	293.926971	0.396914096	0.127024079	0	0	0	0	3
530	40	0	1.01923077	293.871972	293.848361	293.530057	293.926971	0.396914096	0.127024079	0	0	0	0	3
535	41	0	1.02884615	293.873874	293.854848	293.563659	293.926971	0.363312613	0.127024079	0	0	0	0	3
540	41	0	1.03846154	293.875982	293.865813	293.629246	293.926971	0.297725199	0.127024079	0	0	0	0	3
545	41	0	1.04807692	293.878318	293.870603	293.660861	293.926971	0.266110199	0.127024079	0	0	0	0	3
550	42	0	1.05769231	293.881011	293.874836	293.690917	293.926971	0.236054461	0.127024079	0	0	0	0	3
555	42	0	1.06730769	293.883846	293.878546	293.719723	293.926971	0.207248228	0.127024079	0	0	0	0	3
560	43	0	1.07692308	293.886819	293.88176	293.746468	293.926971	0.180503505	0.127024079	0	0	0	0	3
565	43	0	1.08653846	293.889969	293.881915	293.746468	293.926971	0.180503505	0.127024079	0	0	0	0	3
570	44	0	1.09615385	293.89329	293.886869	293.793296	293.926971	0.133675142	0.127024079	0	0	0	0	3
575	44	0	1.10576923	293.896824	293.88886	293.813119	293.926971	0.113852359	0.127024079	0	0	0	0	3
580	44	0	1.11538462	293.900612	293.890543	293.830764	293.926971	0.096207716	0.127024079	0	0	0	0	3
585	45	0	1.125	293.904356	293.891958	293.846344	293.926971	0.0806270794	0.127024079	0	0	0	0	3
590	45	0	1.13461538	293.908099	293.893146	293.860057	293.926971	0.0669146764	0.127024079	0	0	0	0	3
595	46	0	1.14423077	293.911801	293.893498	293.860057	293.926971	0.0669146764	0.127024079	0	0	0	0	3
600	46	0	1.15384615	293.915448	293.894543	293.867353	293.926971	0.0596183093	0.127024079	0	0	0	0	3
605	47	0	1.16346154	293.919157	293.895695	293.867353	293.926971	0.0596183093	0.127024079	0	0	0	0	3
610	47	0	1.17307692	293.922897	293.896317	293.867353	293.926971	0.0596183093	0.127024079	0	0	0	0	3
615	48	0	1.18269231	293.926517	293.896864	293.867353	293.926971	0.0596183093	0.127024079	0	0	0	0	3
