Iteration	CPUTime	PhysTime	Travels	Value	AvValue	MinValue	MaxValue	Delta	Criteria	PrevAvRefValue	Progress	CriteriaType	CriteriaVarType	CriteriaPercentage
1	0	0	0.00227272727	1.4955307	1.4955307	1.4955307	1.4955307	0	0	0	0	0	0	3
5	1	0	0.0113636364	1.48578154	1.49065612	1.48578154	1.4955307	0.00487457992	0	0	0	0	0	3
10	1	0	0.0227272727	1.47548929	1.48560051	1.47548929	1.4955307	0.00993019072	0	0	0	0	0	3
15	2	0	0.0340909091	1.46588933	1.48067272	1.46588933	1.4955307	0.014857987	0	0	0	0	0	3
20	3	0	0.0454545455	1.45747063	1.4760323	1.45747063	1.4955307	0.0194984042	0	0	0	0	0	3
25	3	0	0.0568181818	1.45051156	1.47177884	1.45051156	1.4955307	0.0237518603	0	0	0	0	0	3
30	4	0	0.0681818182	1.44427079	1.46784912	1.44427079	1.4955307	0.0276815817	0	0	0	0	0	3
35	4	0	0.0795454545	1.43899619	1.46424251	1.43899619	1.4955307	0.0312881975	0	0	0	0	0	3
40	5	0	0.0909090909	1.43461834	1.46095093	1.43461834	1.4955307	0.0345797712	0	0	0	0	0	3
45	6	0	0.102272727	1.43098827	1.45795467	1.43098827	1.4955307	0.0375760373	0	0	0	0	0	3
50	6	0	0.113636364	1.42822117	1.45525162	1.42822117	1.4955307	0.0402790823	0	0	0	0	0	3
55	7	0	0.125	1.42636738	1.4528446	1.42636738	1.4955307	0.0426861025	0	0	0	0	0	3
60	8	0	0.136363636	1.42491639	1.45069628	1.42491639	1.4955307	0.0448344263	0	0	0	0	0	3
65	8	0	0.147727273	1.42342978	1.44874867	1.42342978	1.4955307	0.0467820331	0	0	0	0	0	3
70	9	0	0.159090909	1.42162278	1.44694028	1.42162278	1.4955307	0.0485904259	0	0	0	0	0	3
75	9	0	0.170454545	1.4193913	1.44521847	1.4193913	1.4955307	0.0503122371	0	0	0	0	0	3
80	10	0	0.181818182	1.41664859	1.44353789	1.41664859	1.4955307	0.051992818	0	0	0	0	0	3
85	11	0	0.193181818	1.41349398	1.44186878	1.41349398	1.4955307	0.0536619239	0	0	0	0	0	3
90	11	0	0.204545455	1.41001389	1.44019221	1.41001389	1.4955307	0.0553384969	0	0	0	0	0	3
95	12	0	0.215909091	1.40632697	1.43849894	1.40632697	1.4955307	0.0570317588	0	0	0	0	0	3
100	13	0	0.227272727	1.40267044	1.43679282	1.40267044	1.4955307	0.0587378781	0	0	0	0	0	3
105	13	0	0.238636364	1.39915658	1.43508209	1.39915658	1.4955307	0.0604486164	0	0	0	0	0	3
110	14	0	0.25	1.39584211	1.433376	1.39584211	1.4955307	0.0621547022	0	0	0	0	0	3
115	15	0	0.261363636	1.39273264	1.43168253	1.39273264	1.4955307	0.0638481757	0	0	0	0	0	3
120	15	0	0.272727273	1.3898617	1.43000969	1.3898617	1.4955307	0.0655210089	0	0	0	0	0	3
125	16	0	0.284090909	1.3873457	1.42836877	1.3873457	1.4955307	0.0671619316	0	0	0	0	0	3
130	17	0	0.295454545	1.3850992	1.42676619	1.3850992	1.4955307	0.0687645083	0	0	0	0	0	3
135	17	0	0.306818182	1.38301799	1.42520376	1.38301799	1.4955307	0.070326944	0	0	0	0	0	3
140	18	0	0.318181818	1.38103924	1.42368084	1.38103924	1.4955307	0.0718498585	0	0	0	0	0	3
145	19	0	0.329545455	1.37909178	1.42219454	1.37909178	1.4955307	0.0733361608	0	0	0	0	0	3
150	19	0	0.340909091	1.37715551	1.42074167	1.37715551	1.4955307	0.0747890328	0	0	0	0	0	3
155	20	0	0.352272727	1.3752064	1.41931869	1.3752064	1.4955307	0.0762120099	0	0	0	0	0	3
160	21	0	0.363636364	1.37324897	1.41792264	1.37324897	1.4955307	0.0776080622	0	0	0	0	0	3
165	21	0	0.375	1.37130209	1.41655145	1.37130209	1.4955307	0.0789792549	0	0	0	0	0	3
170	22	0	0.386363636	1.36937738	1.41520362	1.36937738	1.4955307	0.0803270853	0	0	0	0	0	3
175	23	0	0.397727273	1.36749136	1.41387828	1.36749136	1.4955307	0.0816524257	0	0	0	0	0	3
180	23	0	0.409090909	1.36566153	1.41257512	1.36566153	1.4955307	0.0829555812	0	0	0	0	0	3
185	24	0	0.420454545	1.36389087	1.41129396	1.36389087	1.4955307	0.0842367456	0	0	0	0	0	3
190	25	0	0.431818182	1.36216265	1.41003418	1.36216265	1.4955307	0.0854965226	0	0	0	0	0	3
195	25	0	0.443181818	1.36048106	1.40879535	1.36048106	1.4955307	0.0867353507	0	0	0	0	0	3
200	26	0	0.454545455	1.35884991	1.40757717	1.35884991	1.4955307	0.0879535323	0	0	0	0	0	3
205	27	0	0.465909091	1.35725576	1.40637904	1.35725576	1.4955307	0.089151661	0	0	0	0	0	3
210	28	0	0.477272727	1.35571582	1.40520083	1.35571582	1.4955307	0.0903298755	0	0	0	0	0	3
215	28	0	0.488636364	1.35422386	1.40404226	1.35422386	1.4955307	0.091488443	0	0	0	0	0	3
220	29	0	0.5	1.35277306	1.40290294	1.35277306	1.4955307	0.0926277586	0	0	0	0	0	3
225	30	0	0.511363636	1.35137168	1.397743	1.35137168	1.47548929	0.0878575138	0	0	0	0	0	3
230	30	0	0.522727273	1.35003051	1.39489166	1.35003051	1.46588933	0.0857810535	0	0	0	0	0	3
235	31	0	0.534090909	1.34874803	1.39222936	1.34874803	1.45747063	0.0838029385	0	0	0	0	0	3
240	32	0	0.545454545	1.34752386	1.3912359	1.34752386	1.45747063	0.084796394	0	0	0	0	0	3
245	33	0	0.556818182	1.34634842	1.38876652	1.34634842	1.45051156	0.0830123203	0	0	0	0	0	3
250	33	0	0.568181818	1.34520886	1.38511182	1.34520886	1.43899619	0.079130687	0	0	0	0	0	3
255	34	0	0.579545455	1.3441056	1.38295521	1.3441056	1.43461834	0.0779957179	0	0	0	0	0	3
260	35	0	0.590909091	1.34303223	1.38087371	1.34303223	1.43098827	0.0770809544	0	0	0	0	0	3
265	35	0	0.602272727	1.34199427	1.37885112	1.34199427	1.42822117	0.0764005003	0	0	0	0	0	3
270	36	0	0.613636364	1.34098615	1.37686851	1.34098615	1.42636738	0.0759760941	0	0	0	0	0	3
275	37	0	0.625	1.3400142	1.37490593	1.3400142	1.42491639	0.0757903425	0	0	0	0	0	3
280	37	0	0.636363636	1.33906068	1.37295467	1.33906068	1.42342978	0.0757940019	0	0	0	0	0	3
285	38	0	0.647727273	1.33814676	1.37101642	1.33814676	1.42162278	0.0759238596	0	0	0	0	0	3
290	39	0	0.659090909	1.33727204	1.36909936	1.33727204	1.4193913	0.0761191107	0	0	0	0	0	3
295	39	0	0.670454545	1.33643763	1.36721404	1.33643763	1.41664859	0.0763238404	0	0	0	0	0	3
300	40	0	0.681818182	1.33563814	1.36651236	1.33563814	1.41664859	0.0770255271	0	0	0	0	0	3
305	41	0	0.693181818	1.33487841	1.36358618	1.33487841	1.41001389	0.0751354867	0	0	0	0	0	3
310	41	0	0.704545455	1.33415497	1.36186211	1.33415497	1.40632697	0.072171998	0	0	0	0	0	3
315	42	0	0.715909091	1.33346579	1.36020618	1.33346579	1.40267044	0.0692046521	0	0	0	0	0	3
320	43	0	0.727272727	1.33280564	1.35861834	1.33280564	1.39915658	0.0663509441	0	0	0	0	0	3
325	44	0	0.738636364	1.33217195	1.35709596	1.33217195	1.39584211	0.0636701667	0	0	0	0	0	3
330	44	0	0.75	1.33156459	1.35563511	1.33156459	1.39273264	0.0611680526	0	0	0	0	0	3
335	45	0	0.761363636	1.33098399	1.35423173	1.33098399	1.3898617	0.0588777096	0	0	0	0	0	3
340	46	0	0.772727273	1.3304245	1.35288089	1.3304245	1.3873457	0.0569212013	0	0	0	0	0	3
345	46	0	0.784090909	1.32988436	1.35236985	1.32988436	1.3873457	0.0574613485	0	0	0	0	0	3
350	47	0	0.795454545	1.32936115	1.35108131	1.32936115	1.3850992	0.0557380531	0	0	0	0	0	3
355	48	0	0.806818182	1.3288548	1.34983143	1.3288548	1.38301799	0.0541631927	0	0	0	0	0	3
360	48	0	0.818181818	1.32836499	1.34788005	1.32836499	1.37909178	0.0507267874	0	0	0	0	0	3
365	49	0	0.829545455	1.32788842	1.34671634	1.32788842	1.37715551	0.0492670932	0	0	0	0	0	3
370	50	0	0.840909091	1.32742365	1.34558607	1.32742365	1.3752064	0.0477827531	0	0	0	0	0	3
375	50	0	0.852272727	1.32697571	1.34448992	1.32697571	1.37324897	0.0462732646	0	0	0	0	0	3
380	51	0	0.863636364	1.32654244	1.3434284	1.32654244	1.37130209	0.0447596435	0	0	0	0	0	3
385	52	0	0.875	1.32612542	1.34240166	1.32612542	1.36937738	0.0432519593	0	0	0	0	0	3
390	53	0	0.886363636	1.32572491	1.34140956	1.32572491	1.36749136	0.0417664531	0	0	0	0	0	3
395	53	0	0.897727273	1.32533847	1.34045154	1.32533847	1.36566153	0.0403230528	0	0	0	0	0	3
400	54	0	0.909090909	1.32496615	1.34010742	1.32496615	1.36566153	0.0406953713	0	0	0	0	0	3
405	55	0	0.920454545	1.32461019	1.33919517	1.32461019	1.36389087	0.0392806832	0	0	0	0	0	3
410	56	0	0.931818182	1.32426958	1.33831469	1.32426958	1.36216265	0.0378930758	0	0	0	0	0	3
415	57	0	0.943181818	1.32393374	1.33694207	1.32393374	1.35884991	0.03491617	0	0	0	0	0	3
420	58	0	0.954545455	1.32359197	1.33614076	1.32359197	1.35725576	0.0336637946	0	0	0	0	0	3
425	58	0	0.965909091	1.32326055	1.33536814	1.32326055	1.35571582	0.0324552648	0	0	0	0	0	3
430	59	0	0.977272727	1.32293418	1.3346231	1.32293418	1.35422386	0.031289682	0	0	0	0	0	3
435	60	0	0.988636364	1.32261716	1.33390477	1.32261716	1.35277306	0.030155901	0	0	0	0	0	3
440	61	0	1	1.32230872	1.3332124	1.32230872	1.35137168	0.0290629639	0.0245209238	0	84.3	0	0	3
445	62	0	1.01136364	1.32202101	1.33254534	1.32202101	1.35003051	0.0280094992	0.0245209238	0	87.5	0	0	3
450	62	0	1.02272727	1.32174427	1.33190247	1.32174427	1.34874803	0.0270037601	0.0245209238	0	90.8	0	0	3
455	63	0	1.03409091	1.32146427	1.33128238	1.32146427	1.34752386	0.0260595938	0.0245209238	0	94	0	0	3
460	64	0	1.04545455	1.32119514	1.330684	1.32119514	1.34634842	0.0251532894	0.0245209238	0	97.4	0	0	3
465	65	0	1.05681818	1.32093694	1.33010647	1.32093694	1.34520886	0.0242719163	0.0245209238	0	100	0	0	3
470	65	0	1.06818182	1.32068797	1.32989717	1.32068797	1.34520886	0.0245208897	0.0245209238	0	100	0	0	3
475	66	0	1.07954545	1.32044582	1.32901145	1.32044582	1.34303223	0.0225864049	0.0245209238	0	100	0	0	3
480	67	0	1.09090909	1.32020468	1.32881575	1.32020468	1.34303223	0.0228275427	0.0245209238	0	100	0	0	3
485	68	0	1.10227273	1.31996929	1.32799208	1.31996929	1.34098615	0.0210168594	0.0245209238	0	100	0	0	3
490	68	0	1.11363636	1.31974047	1.32780871	1.31974047	1.34098615	0.0212456873	0.0245209238	0	100	0	0	3
495	69	0	1.125	1.31951859	1.32704341	1.31951859	1.33906068	0.0195420831	0.0245209238	0	100	0	0	3
500	70	0	1.13636364	1.3193046	1.32659441	1.3193046	1.33814676	0.0188421624	0.0245209238	0	100	0	0	3
505	71	0	1.14772727	1.31910002	1.32616153	1.31910002	1.33727204	0.0181720233	0.0245209238	0	100	0	0	3
