Iteration	CPUTime	PhysTime	Travels	Value	AvValue	MinValue	MaxValue	Delta	Criteria	PrevAvRefValue	Progress	CriteriaType	CriteriaVarType	CriteriaPercentage
1	0	0	0.00227272727	158815.386	158815.386	158815.386	158815.386	0	0	0	0	0	0	3
5	1	0	0.0113636364	157223.94	158019.663	157223.94	158815.386	795.722826	0	0	0	0	0	3
10	1	0	0.0227272727	155444.635	157161.32	155444.635	158815.386	1654.06531	0	0	0	0	0	3
15	2	0	0.0340909091	153739.503	156305.866	153739.503	158815.386	2509.51959	0	0	0	0	0	3
20	3	0	0.0454545455	152245.969	155493.887	152245.969	158815.386	3321.49898	0	0	0	0	0	3
25	3	0	0.0568181818	151006.133	154745.928	151006.133	158815.386	4069.4579	0	0	0	0	0	3
30	4	0	0.0681818182	150077.513	154079.012	150077.513	158815.386	4736.37426	0	0	0	0	0	3
35	4	0	0.0795454545	149470.15	153502.904	149470.15	158815.386	5312.48189	0	0	0	0	0	3
40	5	0	0.0909090909	149065.375	153009.845	149065.375	158815.386	5805.54068	0	0	0	0	0	3
45	6	0	0.102272727	148666.374	152575.498	148666.374	158815.386	6239.88777	0	0	0	0	0	3
50	6	0	0.113636364	148124.572	152170.868	148124.572	158815.386	6644.51739	0	0	0	0	0	3
55	7	0	0.125	147392.303	151772.655	147392.303	158815.386	7042.73116	0	0	0	0	0	3
60	8	0	0.136363636	146473.95	151365.062	146473.95	158815.386	7450.32381	0	0	0	0	0	3
65	8	0	0.147727273	145405.983	150939.413	145405.983	158815.386	7875.97229	0	0	0	0	0	3
70	9	0	0.159090909	144227.631	150491.961	144227.631	158815.386	8323.42446	0	0	0	0	0	3
75	9	0	0.170454545	143024.668	150025.255	143024.668	158815.386	8790.13031	0	0	0	0	0	3
80	10	0	0.181818182	141869.241	149545.49	141869.241	158815.386	9269.89585	0	0	0	0	0	3
85	11	0	0.193181818	140806.576	149059.995	140806.576	158815.386	9755.39105	0	0	0	0	0	3
90	11	0	0.204545455	139860.384	148575.805	139860.384	158815.386	10239.5811	0	0	0	0	0	3
95	12	0	0.215909091	139037.624	148098.896	139037.624	158815.386	10716.4901	0	0	0	0	0	3
100	13	0	0.227272727	138343.546	147634.355	138343.546	158815.386	11181.0306	0	0	0	0	0	3
105	13	0	0.238636364	137776.042	147186.25	137776.042	158815.386	11629.1357	0	0	0	0	0	3
110	14	0	0.25	137333.086	146757.852	137333.086	158815.386	12057.5342	0	0	0	0	0	3
115	15	0	0.261363636	137008.637	146351.634	137008.637	158815.386	12463.7514	0	0	0	0	0	3
120	15	0	0.272727273	136782.434	145968.866	136782.434	158815.386	12846.5194	0	0	0	0	0	3
125	16	0	0.284090909	136608.592	145608.856	136608.592	158815.386	13206.53	0	0	0	0	0	3
130	17	0	0.295454545	136461.714	145270.073	136461.714	158815.386	13545.313	0	0	0	0	0	3
135	17	0	0.306818182	136327.345	144950.69	136327.345	158815.386	13864.6961	0	0	0	0	0	3
140	18	0	0.318181818	136195.242	144648.778	136195.242	158815.386	14166.6081	0	0	0	0	0	3
145	19	0	0.329545455	136056.394	144362.365	136056.394	158815.386	14453.0209	0	0	0	0	0	3
150	19	0	0.340909091	135908.745	144089.667	135908.745	158815.386	14725.7183	0	0	0	0	0	3
155	20	0	0.352272727	135752.794	143829.14	135752.794	158815.386	14986.2456	0	0	0	0	0	3
160	21	0	0.363636364	135592.998	143579.56	135592.998	158815.386	15235.8257	0	0	0	0	0	3
165	21	0	0.375	135435.36	143340.025	135435.36	158815.386	15475.361	0	0	0	0	0	3
170	22	0	0.386363636	135285.53	143109.896	135285.53	158815.386	15705.4894	0	0	0	0	0	3
175	23	0	0.397727273	135142.363	142888.576	135142.363	158815.386	15926.8098	0	0	0	0	0	3
180	23	0	0.409090909	135002.487	142675.438	135002.487	158815.386	16139.9473	0	0	0	0	0	3
185	24	0	0.420454545	134865.687	142469.919	134865.687	158815.386	16345.4671	0	0	0	0	0	3
190	25	0	0.431818182	134732.307	142271.518	134732.307	158815.386	16543.8674	0	0	0	0	0	3
195	25	0	0.443181818	134604.239	142079.836	134604.239	158815.386	16735.5494	0	0	0	0	0	3
200	26	0	0.454545455	134481.736	141894.517	134481.736	158815.386	16920.8689	0	0	0	0	0	3
205	27	0	0.465909091	134370.588	141715.376	134370.588	158815.386	17100.0101	0	0	0	0	0	3
210	28	0	0.477272727	134263.816	141542.084	134263.816	158815.386	17273.3021	0	0	0	0	0	3
215	28	0	0.488636364	134159.84	141374.305	134159.84	158815.386	17441.0804	0	0	0	0	0	3
220	29	0	0.5	134064.803	141211.872	134064.803	158815.386	17603.5138	0	0	0	0	0	3
225	30	0	0.511363636	133979.875	140283.518	133979.875	155444.635	16877.8026	0	0	0	0	0	3
230	30	0	0.522727273	133900.718	139793.883	133900.718	153739.503	16511.9828	0	0	0	0	0	3
235	31	0	0.534090909	133822.119	139341.216	133822.119	152245.969	16152.6712	0	0	0	0	0	3
240	32	0	0.545454545	133744.486	139216.844	133744.486	152245.969	16277.043	0	0	0	0	0	3
245	33	0	0.556818182	133667.833	138803.996	133667.833	151006.133	15941.9315	0	0	0	0	0	3
250	33	0	0.568181818	133591.915	138152.002	133591.915	149470.15	15350.9015	0	0	0	0	0	3
255	34	0	0.579545455	133516.1	137789.41	133516.1	149065.375	15220.4348	0	0	0	0	0	3
260	35	0	0.590909091	133439.366	137434.274	133439.366	148666.374	15141.2242	0	0	0	0	0	3
265	35	0	0.602272727	133363.327	137086.477	133363.327	148124.572	14761.2454	0	0	0	0	0	3
270	36	0	0.613636364	133289.753	136749.322	133289.753	147392.303	14102.5506	0	0	0	0	0	3
275	37	0	0.625	133220.432	136427.234	133220.432	146473.95	13253.5179	0	0	0	0	0	3
280	37	0	0.636363636	133162.715	136124.706	133162.715	145405.983	12243.2679	0	0	0	0	0	3
285	38	0	0.647727273	133108.696	135845.222	133108.696	144227.631	11118.9353	0	0	0	0	0	3
290	39	0	0.659090909	133056.947	135591.343	133056.947	143024.668	9967.72079	0	0	0	0	0	3
295	39	0	0.670454545	133006.255	135363.652	133006.255	141869.241	8862.98595	0	0	0	0	0	3
300	40	0	0.681818182	132956.238	135310.154	132956.238	141869.241	8913.00366	0	0	0	0	0	3
305	41	0	0.693181818	132907.331	134981.555	132907.331	139860.384	6953.05256	0	0	0	0	0	3
310	41	0	0.704545455	132859.474	134822.444	132859.474	139037.624	6178.14943	0	0	0	0	0	3
315	42	0	0.715909091	132811.693	134680.945	132811.693	138343.546	5531.85308	0	0	0	0	0	3
320	43	0	0.727272727	132763.666	134554.13	132763.666	137776.042	5012.37607	0	0	0	0	0	3
325	44	0	0.738636364	132716.524	134439.141	132716.524	137333.086	4616.56207	0	0	0	0	0	3
330	44	0	0.75	132671.408	134333.194	132671.408	137008.637	4337.22927	0	0	0	0	0	3
335	45	0	0.761363636	132629.188	134233.661	132629.188	136782.434	4153.24668	0	0	0	0	0	3
340	46	0	0.772727273	132589.126	134138.358	132589.126	136608.592	4019.46609	0	0	0	0	0	3
345	46	0	0.784090909	132550.667	134103.076	132550.667	136608.592	4057.92477	0	0	0	0	0	3
350	47	0	0.795454545	132512.953	134012.062	132512.953	136461.714	3948.76072	0	0	0	0	0	3
355	48	0	0.806818182	132475.462	133923.479	132475.462	136327.345	3851.88306	0	0	0	0	0	3
360	48	0	0.818181818	132438.647	133783.468	132438.647	136056.394	3617.74677	0	0	0	0	0	3
365	49	0	0.829545455	132402.393	133700.423	132402.393	135908.745	3506.35232	0	0	0	0	0	3
370	50	0	0.840909091	132366.76	133619.923	132366.76	135752.794	3386.03364	0	0	0	0	0	3
375	50	0	0.852272727	132332.237	133542.183	132332.237	135592.998	3260.76137	0	0	0	0	0	3
380	51	0	0.863636364	132298.668	133467.312	132298.668	135435.36	3136.69175	0	0	0	0	0	3
385	52	0	0.875	132266.23	133395.286	132266.23	135285.53	3019.30039	0	0	0	0	0	3
390	53	0	0.886363636	132235.122	133325.959	132235.122	135142.363	2907.24072	0	0	0	0	0	3
395	53	0	0.897727273	132204.997	133259.201	132204.997	135002.487	2797.49023	0	0	0	0	0	3
400	54	0	0.909090909	132176.212	133235.134	132176.212	135002.487	2826.27552	0	0	0	0	0	3
405	55	0	0.920454545	132148.648	133171.716	132148.648	134865.687	2717.0386	0	0	0	0	0	3
410	56	0	0.931818182	132122.669	133110.76	132122.669	134732.307	2609.63749	0	0	0	0	0	3
415	57	0	0.943181818	132096.731	133016.917	132096.731	134481.736	2385.00547	0	0	0	0	0	3
420	58	0	0.954545455	132070.091	132962.107	132070.091	134370.588	2300.49669	0	0	0	0	0	3
425	58	0	0.965909091	132044.283	132909.237	132044.283	134263.816	2219.53341	0	0	0	0	0	3
430	59	0	0.977272727	132018.527	132858.207	132018.527	134159.84	2141.31334	0	0	0	0	0	3
435	60	0	0.988636364	131993.299	132808.968	131993.299	134064.803	2071.5035	0	0	0	0	0	3
440	61	0	1	131968.876	132761.333	131968.876	133979.875	2010.99841	3788.2596	0	100	0	0	3
445	62	0	1.01136364	131946.201	132715.113	131946.201	133900.718	1954.51779	3788.2596	0	100	0	0	3
450	62	0	1.02272727	131924.737	132670.205	131924.737	133822.119	1897.38216	3788.2596	0	100	0	0	3
455	63	0	1.03409091	131902.819	132626.584	131902.819	133744.486	1841.66714	3788.2596	0	100	0	0	3
460	64	0	1.04545455	131882.669	132584.27	131882.669	133667.833	1785.16346	3788.2596	0	100	0	0	3
465	65	0	1.05681818	131864.002	132543.274	131864.002	133591.915	1727.91312	3788.2596	0	100	0	0	3
470	65	0	1.06818182	131846.671	132527.794	131846.671	133591.915	1745.24494	3788.2596	0	100	0	0	3
475	66	0	1.07954545	131829.995	132465.289	131829.995	133439.366	1609.37091	3788.2596	0	100	0	0	3
480	67	0	1.09090909	131812.706	132450.787	131812.706	133439.366	1626.65945	3788.2596	0	100	0	0	3
485	68	0	1.10227273	131795.607	132392.689	131795.607	133289.753	1494.14577	3788.2596	0	100	0	0	3
490	68	0	1.11363636	131778.878	132379.049	131778.878	133289.753	1510.87463	3788.2596	0	100	0	0	3
495	69	0	1.125	131762.573	132325.218	131762.573	133162.715	1400.14254	3788.2596	0	100	0	0	3
500	70	0	1.13636364	131747.326	132293.05	131747.326	133108.696	1361.36998	3788.2596	0	100	0	0	3
505	71	0	1.14772727	131733.039	132261.785	131733.039	133056.947	1323.90814	3788.2596	0	100	0	0	3
