Iteration	CPUTime	PhysTime	Travels	Value	AvValue	MinValue	MaxValue	Delta	Criteria	PrevAvRefValue	Progress	CriteriaType	CriteriaVarType	CriteriaPercentage
1	0	0	0.00227272727	293.788085	293.788085	293.788085	293.788085	0	0	0	0	0	0	3
5	1	0	0.0113636364	295.027973	294.408029	293.788085	295.027973	0.619944084	0	0	0	0	0	3
10	1	0	0.0227272727	295.900045	294.905368	293.788085	295.900045	1.11728299	0	0	0	0	0	3
15	2	0	0.0340909091	296.528944	295.311262	293.788085	296.528944	1.52317711	0	0	0	0	0	3
20	3	0	0.0454545455	297.112231	295.671456	293.788085	297.112231	1.88337105	0	0	0	0	0	3
25	3	0	0.0568181818	297.765063	296.02039	293.788085	297.765063	2.23230563	0	0	0	0	0	3
30	4	0	0.0681818182	298.519064	296.377344	293.788085	298.519064	2.58925902	0	0	0	0	0	3
35	4	0	0.0795454545	299.336899	296.747288	293.788085	299.336899	2.95920343	0	0	0	0	0	3
40	5	0	0.0909090909	300.142226	297.124503	293.788085	300.142226	3.33641875	0	0	0	0	0	3
45	6	0	0.102272727	300.856757	297.497729	293.788085	300.856757	3.70964414	0	0	0	0	0	3
50	6	0	0.113636364	301.43454	297.855621	293.788085	301.43454	4.06753605	0	0	0	0	0	3
55	7	0	0.125	301.863551	298.189615	293.788085	301.863551	4.40153027	0	0	0	0	0	3
60	8	0	0.136363636	302.162471	298.495219	293.788085	302.162471	4.70713463	0	0	0	0	0	3
65	8	0	0.147727273	302.377211	298.772504	293.788085	302.377211	4.98441978	0	0	0	0	0	3
70	9	0	0.159090909	302.532257	299.023154	293.788085	302.532257	5.23506997	0	0	0	0	0	3
75	9	0	0.170454545	302.677267	299.251537	293.788085	302.677267	5.46345203	0	0	0	0	0	3
80	10	0	0.181818182	302.857932	299.463677	293.788085	302.857932	5.67559291	0	0	0	0	0	3
85	11	0	0.193181818	303.0823	299.664712	293.788085	303.0823	5.87662747	0	0	0	0	0	3
90	11	0	0.204545455	303.373077	299.859889	293.788085	303.373077	6.07180456	0	0	0	0	0	3
95	12	0	0.215909091	303.721369	300.052963	293.788085	303.721369	6.26487857	0	0	0	0	0	3
100	13	0	0.227272727	304.101755	300.245763	293.788085	304.101755	6.45767818	0	0	0	0	0	3
105	13	0	0.238636364	304.499976	300.439136	293.788085	304.499976	6.65105153	0	0	0	0	0	3
110	14	0	0.25	304.911079	300.633568	293.788085	304.911079	6.84548382	0	0	0	0	0	3
115	15	0	0.261363636	305.331454	300.829314	293.788085	305.331454	7.04122908	0	0	0	0	0	3
120	15	0	0.272727273	305.751164	301.026188	293.788085	305.751164	7.23810309	0	0	0	0	0	3
125	16	0	0.284090909	306.141669	301.222937	293.788085	306.141669	7.43485238	0	0	0	0	0	3
130	17	0	0.295454545	306.49325	301.418134	293.788085	306.49325	7.63004917	0	0	0	0	0	3
135	17	0	0.306818182	306.806608	301.610579	293.788085	306.806608	7.82249468	0	0	0	0	0	3
140	18	0	0.318181818	307.08529	301.799362	293.788085	307.08529	8.01127782	0	0	0	0	0	3
145	19	0	0.329545455	307.333403	301.98383	293.788085	307.333403	8.19574585	0	0	0	0	0	3
150	19	0	0.340909091	307.555195	302.163552	293.788085	307.555195	8.37546728	0	0	0	0	0	3
155	20	0	0.352272727	307.755855	302.338311	293.788085	307.755855	8.55022675	0	0	0	0	0	3
160	21	0	0.363636364	307.942004	302.50812	293.788085	307.942004	8.72003561	0	0	0	0	0	3
165	21	0	0.375	308.119155	302.673151	293.788085	308.119155	8.88506606	0	0	0	0	0	3
170	22	0	0.386363636	308.292719	302.83371	293.788085	308.292719	9.04562515	0	0	0	0	0	3
175	23	0	0.397727273	308.461968	302.99005	293.788085	308.461968	9.20196565	0	0	0	0	0	3
180	23	0	0.409090909	308.624475	303.142332	293.788085	308.624475	9.35424742	0	0	0	0	0	3
185	24	0	0.420454545	308.779431	303.290677	293.788085	308.779431	9.50259213	0	0	0	0	0	3
190	25	0	0.431818182	308.926919	303.435196	293.788085	308.926919	9.64711117	0	0	0	0	0	3
195	25	0	0.443181818	309.067917	303.576014	293.788085	309.067917	9.7879292	0	0	0	0	0	3
200	26	0	0.454545455	309.20284	303.713253	293.788085	309.20284	9.92516888	0	0	0	0	0	3
205	27	0	0.465909091	309.337102	303.847155	293.788085	309.337102	10.05907	0	0	0	0	0	3
210	28	0	0.477272727	309.465442	303.977812	293.788085	309.465442	10.1897279	0	0	0	0	0	3
215	28	0	0.488636364	309.587425	304.105304	293.788085	309.587425	10.3172191	0	0	0	0	0	3
220	29	0	0.5	309.707278	304.229792	293.788085	309.707278	10.4417074	0	0	0	0	0	3
225	30	0	0.511363636	309.825162	304.803403	295.900045	309.825162	9.89803571	0	0	0	0	0	3
230	30	0	0.522727273	309.937531	305.122437	296.528944	309.937531	9.81117535	0	0	0	0	0	3
235	31	0	0.534090909	310.041715	305.429545	297.112231	310.041715	9.75808984	0	0	0	0	0	3
240	32	0	0.545454545	310.138685	305.534193	297.112231	310.138685	9.86273739	0	0	0	0	0	3
245	33	0	0.556818182	310.229018	305.825677	297.765063	310.229018	9.80528697	0	0	0	0	0	3
250	33	0	0.568181818	310.313566	306.27693	299.336899	310.313566	9.5296418	0	0	0	0	0	3
255	34	0	0.579545455	310.392504	306.528193	300.142226	310.392504	9.40369022	0	0	0	0	0	3
260	35	0	0.590909091	310.465797	306.76282	300.856757	310.465797	9.26509145	0	0	0	0	0	3
265	35	0	0.602272727	310.534294	306.982764	301.43454	310.534294	9.09975396	0	0	0	0	0	3
270	36	0	0.613636364	310.599438	307.191057	301.863551	310.599438	8.73588652	0	0	0	0	0	3
275	37	0	0.625	310.662817	307.391041	302.162471	310.662817	8.50034573	0	0	0	0	0	3
280	37	0	0.636363636	310.731115	307.585782	302.377211	310.731115	8.35390355	0	0	0	0	0	3
285	38	0	0.647727273	310.797724	307.777158	302.532257	310.797724	8.26546639	0	0	0	0	0	3
290	39	0	0.659090909	310.861866	307.966467	302.677267	310.861866	8.18459807	0	0	0	0	0	3
295	39	0	0.670454545	310.922822	308.153866	302.857932	310.922822	8.06489033	0	0	0	0	0	3
300	40	0	0.681818182	310.980659	308.216684	302.857932	310.980659	8.12272793	0	0	0	0	0	3
305	41	0	0.693181818	311.035301	308.519223	303.373077	311.035301	7.66222418	0	0	0	0	0	3
310	41	0	0.704545455	311.086972	308.694539	303.721369	311.086972	7.36560305	0	0	0	0	0	3
315	42	0	0.715909091	311.135248	308.863037	304.101755	311.135248	7.03349326	0	0	0	0	0	3
320	43	0	0.727272727	311.180144	309.023909	304.499976	311.180144	6.68016729	0	0	0	0	0	3
325	44	0	0.738636364	311.222572	309.176695	304.911079	311.222572	6.31149321	0	0	0	0	0	3
330	44	0	0.75	311.263583	309.32107	305.331454	311.263583	5.93212898	0	0	0	0	0	3
335	45	0	0.761363636	311.304089	309.456812	305.751164	311.304089	5.55292524	0	0	0	0	0	3
340	46	0	0.772727273	311.343903	309.58392	306.141669	311.343903	5.20223365	0	0	0	0	0	3
345	46	0	0.784090909	311.382908	309.623897	306.141669	311.382908	5.24123918	0	0	0	0	0	3
350	47	0	0.795454545	311.420718	309.741209	306.49325	311.420718	4.92746822	0	0	0	0	0	3
355	48	0	0.806818182	311.457009	309.851515	306.806608	311.457009	4.65040142	0	0	0	0	0	3
360	48	0	0.818181818	311.492036	310.020871	307.333403	311.492036	4.158633	0	0	0	0	0	3
365	49	0	0.829545455	311.525782	310.116152	307.555195	311.525782	3.97058667	0	0	0	0	0	3
370	50	0	0.840909091	311.558121	310.207128	307.755855	311.558121	3.80226613	0	0	0	0	0	3
375	50	0	0.852272727	311.589193	310.294249	307.942004	311.589193	3.64718924	0	0	0	0	0	3
380	51	0	0.863636364	311.619042	310.377818	308.119155	311.619042	3.49988641	0	0	0	0	0	3
385	52	0	0.875	311.64772	310.458013	308.292719	311.64772	3.35500102	0	0	0	0	0	3
390	53	0	0.886363636	311.675453	310.534893	308.461968	311.675453	3.21348485	0	0	0	0	0	3
395	53	0	0.897727273	311.702248	310.608536	308.624475	311.702248	3.07777212	0	0	0	0	0	3
400	54	0	0.909090909	311.728265	310.633419	308.624475	311.728265	3.10378914	0	0	0	0	0	3
405	55	0	0.920454545	311.753344	310.702949	308.779431	311.753344	2.97391246	0	0	0	0	0	3
410	56	0	0.931818182	311.777875	310.769581	308.926919	311.777875	2.85095558	0	0	0	0	0	3
415	57	0	0.943181818	311.801329	310.873583	309.20284	311.801329	2.59848891	0	0	0	0	0	3
420	58	0	0.954545455	311.823854	310.933152	309.337102	311.823854	2.48675187	0	0	0	0	0	3
425	58	0	0.965909091	311.845792	310.990167	309.465442	311.845792	2.38035004	0	0	0	0	0	3
430	59	0	0.977272727	311.866489	311.044736	309.587425	311.866489	2.27906418	0	0	0	0	0	3
435	60	0	0.988636364	311.8866	311.09699	309.707278	311.8866	2.17932215	0	0	0	0	0	3
440	61	0	1	311.906283	311.146968	309.825162	311.906283	2.08112088	2.53174652	0	0	0	0	3
445	62	0	1.01136364	311.925401	311.194701	309.937531	311.925401	1.98787055	2.53174652	0	0	0	0	3
450	62	0	1.02272727	311.944287	311.240309	310.041715	311.944287	1.90257256	2.53174652	0	0	0	0	3
455	63	0	1.03409091	311.96286	311.283971	310.138685	311.96286	1.82417451	2.53174652	0	0	0	0	3
460	64	0	1.04545455	311.981591	311.325855	310.229018	311.981591	1.75257265	2.53174652	0	0	0	0	3
465	65	0	1.05681818	312.000166	311.366109	310.313566	312.000166	1.68660042	2.53174652	0	0	0	0	3
470	65	0	1.06818182	312.018633	311.380609	310.313566	312.018633	1.70506722	2.53174652	0	0	0	0	3
475	66	0	1.07954545	312.036767	311.44223	310.465797	312.036767	1.57096959	2.53174652	0	0	0	0	3
480	67	0	1.09090909	312.053969	311.455824	310.465797	312.053969	1.58817217	2.53174652	0	0	0	0	3
485	68	0	1.10227273	312.070803	311.513245	310.599438	312.070803	1.47136526	2.53174652	0	0	0	0	3
490	68	0	1.11363636	312.087393	311.526004	310.599438	312.087393	1.48795525	2.53174652	0	0	0	0	3
495	69	0	1.125	312.103711	311.57981	310.731115	312.103711	1.37259655	2.53174652	0	0	0	0	3
500	70	0	1.13636364	312.120131	311.611379	310.797724	312.120131	1.322407	2.53174652	0	0	0	0	3
505	71	0	1.14772727	312.136451	311.641804	310.861866	312.136451	1.27458542	2.53174652	0	0	0	0	3
