Iteration	CPUTime	PhysTime	Travels	Value	AvValue	MinValue	MaxValue	Delta	Criteria	PrevAvRefValue	Progress	CriteriaType	CriteriaVarType	CriteriaPercentage
1	1	0	0.00192307692	1.12358907	1.12358907	1.12358907	1.12358907	0	0	0	0	0	0	3
5	2	0	0.00961538462	1.6725288	1.39805893	1.12358907	1.6725288	0.274469865	0	0	0	0	0	3
10	3	0	0.0192307692	1.47463564	1.4235845	1.12358907	1.6725288	0.299995433	0	0	0	0	0	3
15	3	0	0.0288461538	1.34045459	1.40280202	1.12358907	1.6725288	0.299995433	0	0	0	0	0	3
20	4	0	0.0384615385	1.24798053	1.37183773	1.12358907	1.6725288	0.299995433	0	0	0	0	0	3
25	5	0	0.0480769231	1.65092276	1.4183519	1.12358907	1.6725288	0.299995433	0	0	0	0	0	3
30	6	0	0.0576923077	1.76608499	1.46802805	1.12358907	1.76608499	0.344438984	0	0	0	0	0	3
35	7	0	0.0673076923	1.70741789	1.49795178	1.12358907	1.76608499	0.374362713	0	0	0	0	0	3
40	8	0	0.0769230769	1.77486457	1.52871987	1.12358907	1.77486457	0.405130801	0	0	0	0	0	3
45	8	0	0.0865384615	1.87732216	1.5635801	1.12358907	1.87732216	0.43999103	0	0	0	0	0	3
50	9	0	0.0961538462	1.91818366	1.59581679	1.12358907	1.91818366	0.472227717	0	0	0	0	0	3
55	10	0	0.105769231	1.97225712	1.62718681	1.12358907	1.97225712	0.503597745	0	0	0	0	0	3
60	11	0	0.115384615	1.70022282	1.63280497	1.12358907	1.97225712	0.509215899	0	0	0	0	0	3
65	12	0	0.125	1.6450474	1.63367943	1.12358907	1.97225712	0.510090359	0	0	0	0	0	3
70	12	0	0.134615385	1.3875282	1.61726935	1.12358907	1.97225712	0.510090359	0	0	0	0	0	3
75	13	0	0.144230769	1.34324775	1.600143	1.12358907	1.97225712	0.510090359	0	0	0	0	0	3
80	14	0	0.153846154	1.36961228	1.58658237	1.12358907	1.97225712	0.510090359	0	0	0	0	0	3
85	15	0	0.163461538	1.28443992	1.56979668	1.12358907	1.97225712	0.510090359	0	0	0	0	0	3
90	15	0	0.173076923	1.38537673	1.56009036	1.12358907	1.97225712	0.510090359	0	0	0	0	0	3
95	16	0	0.182692308	1.32773118	1.5484724	1.12358907	1.97225712	0.510090359	0	0	0	0	0	3
100	17	0	0.192307692	1.31095563	1.53716208	1.12358907	1.97225712	0.510090359	0	0	0	0	0	3
105	18	0	0.201923077	1.17527518	1.52071268	1.12358907	1.97225712	0.510090359	0	0	0	0	0	3
110	19	0	0.211538462	1.12858074	1.50366346	1.12358907	1.97225712	0.510090359	0	0	0	0	0	3
115	19	0	0.221153846	0.947540884	1.48049169	0.947540884	1.97225712	0.510090359	0	0	0	0	0	3
120	20	0	0.230769231	1.00157117	1.46133487	0.947540884	1.97225712	0.510090359	0	0	0	0	0	3
125	21	0	0.240384615	1.01381897	1.44412272	0.947540884	1.97225712	0.510090359	0	0	0	0	0	3
130	22	0	0.25	0.884849279	1.42340889	0.884849279	1.97225712	0.510090359	0	0	0	0	0	3
135	22	0	0.259615385	0.743724223	1.39913443	0.743724223	1.97225712	0.510090359	0	0	0	0	0	3
140	23	0	0.269230769	0.730212667	1.37606817	0.730212667	1.97225712	0.510090359	0	0	0	0	0	3
145	24	0	0.278846154	0.595110941	1.35003626	0.595110941	1.97225712	0.510090359	0	0	0	0	0	3
150	25	0	0.288461538	0.584693902	1.32534779	0.584693902	1.97225712	0.510090359	0	0	0	0	0	3
155	26	0	0.298076923	0.512637077	1.29995058	0.512637077	1.97225712	0.510090359	0	0	0	0	0	3
160	27	0	0.307692308	0.489729113	1.27539842	0.489729113	1.97225712	0.510090359	0	0	0	0	0	3
165	27	0	0.317307692	0.491282674	1.25233619	0.489729113	1.97225712	0.510090359	0	0	0	0	0	3
170	28	0	0.326923077	0.456265398	1.22959131	0.456265398	1.97225712	0.510090359	0	0	0	0	0	3
175	29	0	0.336538462	0.406621905	1.20673105	0.406621905	1.97225712	0.510090359	0	0	0	0	0	3
180	30	0	0.346153846	0.4162872	1.1853677	0.406621905	1.97225712	0.510090359	0	0	0	0	0	3
185	31	0	0.355769231	0.554058755	1.16875431	0.406621905	1.97225712	0.510090359	0	0	0	0	0	3
190	32	0	0.365384615	0.562540248	1.15321036	0.406621905	1.97225712	0.510090359	0	0	0	0	0	3
195	32	0	0.375	0.422060845	1.13493162	0.406621905	1.97225712	0.510090359	0	0	0	0	0	3
200	33	0	0.384615385	0.591615411	1.12168001	0.406621905	1.97225712	0.511999422	0	0	0	0	0	3
205	34	0	0.394230769	0.553464755	1.10815107	0.406621905	1.97225712	0.525528356	0	0	0	0	0	3
210	35	0	0.403846154	0.532394353	1.09476138	0.406621905	1.97225712	0.538918048	0	0	0	0	0	3
215	36	0	0.413461538	0.511056835	1.08149537	0.406621905	1.97225712	0.55218406	0	0	0	0	0	3
220	37	0	0.423076923	0.513168373	1.06886588	0.406621905	1.97225712	0.564813549	0	0	0	0	0	3
225	38	0	0.432692308	0.54690674	1.05751894	0.406621905	1.97225712	0.576160487	0	0	0	0	0	3
230	38	0	0.442307692	0.614661382	1.04809644	0.406621905	1.97225712	0.585582988	0	0	0	0	0	3
235	39	0	0.451923077	0.555935202	1.03784308	0.406621905	1.97225712	0.595836347	0	0	0	0	0	3
240	40	0	0.461538462	0.493577148	1.02673561	0.406621905	1.97225712	0.606943815	0	0	0	0	0	3
245	41	0	0.471153846	0.516392493	1.01652875	0.406621905	1.97225712	0.617150677	0	0	0	0	0	3
250	42	0	0.480769231	0.507599065	1.00654974	0.406621905	1.97225712	0.627129691	0	0	0	0	0	3
255	43	0	0.490384615	0.472082982	0.996271531	0.406621905	1.97225712	0.637407898	0	0	0	0	0	3
260	44	0	0.5	0.510407134	0.987104278	0.406621905	1.97225712	0.646575151	0	0	0	0	0	3
265	45	0	0.509615385	0.554460448	0.976366002	0.406621905	1.97225712	0.657313426	0	0	0	0	0	3
270	46	0	0.519230769	0.604157258	0.946238287	0.406621905	1.97225712	0.687441141	0	0	0	0	0	3
275	46	0	0.528846154	0.702103953	0.933962313	0.406621905	1.97225712	0.699717115	0	0	0	0	0	3
280	47	0	0.538461538	0.702187291	0.923466289	0.406621905	1.97225712	0.710213139	0	0	0	0	0	3
285	48	0	0.548076923	0.617549939	0.903593735	0.406621905	1.97225712	0.730085693	0	0	0	0	0	3
290	49	0	0.557692308	0.571867746	0.880628019	0.406621905	1.97225712	0.753051409	0	0	0	0	0	3
295	50	0	0.567307692	0.606893138	0.859464081	0.406621905	1.97225712	0.774215347	0	0	0	0	0	3
300	50	0	0.576923077	0.580293459	0.854196711	0.406621905	1.97225712	0.779482717	0	0	0	0	0	3
305	52	0	0.586538462	0.515479735	0.810302283	0.406621905	1.97225712	0.823377146	0	0	0	0	0	3
310	53	0	0.596153846	0.496821226	0.78296839	0.406621905	1.97225712	0.850711039	0	0	0	0	0	3
315	53	0	0.605769231	0.444959121	0.776590856	0.406621905	1.97225712	0.857088572	0	0	0	0	0	3
320	54	0	0.615384615	0.458215645	0.729712521	0.406621905	1.6450474	0.903966907	0	0	0	0	0	3
325	55	0	0.625	0.469718893	0.70711005	0.406621905	1.3875282	0.910159297	0	0	0	0	0	3
330	56	0	0.634615385	0.426584694	0.688630367	0.406621905	1.38537673	0.91151263	0	0	0	0	0	3
335	56	0	0.644230769	0.429156489	0.671051689	0.406621905	1.38537673	0.915530678	0	0	0	0	0	3
340	57	0	0.653846154	0.454123516	0.653446135	0.406621905	1.38537673	0.91635054	0	0	0	0	0	3
345	58	0	0.663461538	0.495426441	0.638272799	0.406621905	1.38537673	0.921817563	0	0	0	0	0	3
350	59	0	0.673076923	0.492167256	0.621095694	0.406621905	1.32773118	0.921109277	0	0	0	0	0	3
355	59	0	0.682692308	0.488629587	0.604959125	0.406621905	1.31095563	0.904333726	0	0	0	0	0	3
360	60	0	0.692307692	0.536063405	0.590057351	0.406621905	1.17527518	0.768653274	0	0	0	0	0	3
365	61	0	0.701923077	0.554582447	0.589388014	0.406621905	1.17527518	0.768653274	0	0	0	0	0	3
370	62	0	0.711538462	0.531231408	0.566633466	0.406621905	1.01381897	0.607197061	0	0	0	0	0	3
375	63	0	0.721153846	0.536266025	0.558724334	0.406621905	1.01381897	0.607197061	0	0	0	0	0	3
380	63	0	0.730769231	0.576551203	0.55906069	0.406621905	1.01381897	0.607197061	0	0	0	0	0	3
385	64	0	0.740384615	0.59438599	0.542484854	0.406621905	0.884849279	0.478227374	0	0	0	0	0	3
390	65	0	0.75	0.5992758	0.536993056	0.406621905	0.743724223	0.337102318	0	0	0	0	0	3
395	66	0	0.759615385	0.559722609	0.537421916	0.406621905	0.743724223	0.337102318	0	0	0	0	0	3
400	66	0	0.769230769	0.608687553	0.531117542	0.406621905	0.702187291	0.295565386	0	0	0	0	0	3
405	67	0	0.778846154	0.632221525	0.531831207	0.406621905	0.702187291	0.295565386	0	0	0	0	0	3
410	68	0	0.788461538	0.652966583	0.533144144	0.406621905	0.702187291	0.295565386	0	0	0	0	0	3
415	69	0	0.798076923	0.611029367	0.535036303	0.406621905	0.702187291	0.295565386	0	0	0	0	0	3
420	70	0	0.807692308	0.593522952	0.537032338	0.406621905	0.702187291	0.295565386	0	0	0	0	0	3
425	71	0	0.817307692	0.653312336	0.540148293	0.406621905	0.702187291	0.295565386	0	0	0	0	0	3
430	71	0	0.826923077	0.644683492	0.542120656	0.406621905	0.702187291	0.295565386	0	0	0	0	0	3
435	72	0	0.836538462	0.647559897	0.548405141	0.4162872	0.702187291	0.285900091	0	0	0	0	0	3
440	73	0	0.846153846	0.595041214	0.551842718	0.422060845	0.702187291	0.280126446	0	0	0	0	0	3
445	73	0	0.855769231	0.627462092	0.553269499	0.422060845	0.702187291	0.280126446	0	0	0	0	0	3
450	74	0	0.865384615	0.636660112	0.554679703	0.422060845	0.702187291	0.280126446	0	0	0	0	0	3
455	75	0	0.875	0.619861493	0.558483562	0.426584694	0.702187291	0.275602597	0	0	0	0	0	3
460	76	0	0.884615385	0.58388199	0.558962777	0.426584694	0.702187291	0.275602597	0	0	0	0	0	3
465	77	0	0.894230769	0.631916505	0.55984353	0.426584694	0.702187291	0.275602597	0	0	0	0	0	3
470	77	0	0.903846154	0.659485121	0.562287583	0.426584694	0.702187291	0.275602597	0	0	0	0	0	3
475	78	0	0.913461538	0.69979379	0.56591714	0.426584694	0.702187291	0.275602597	0	0	0	0	0	3
480	79	0	0.923076923	0.667233914	0.568879939	0.426584694	0.702187291	0.275602597	0	0	0	0	0	3
485	80	0	0.932692308	0.648930418	0.570841932	0.426584694	0.702187291	0.275602597	0	0	0	0	0	3
490	81	0	0.942307692	0.691361391	0.572316932	0.426584694	0.702187291	0.275602597	0	0	0	0	0	3
495	81	0	0.951923077	0.69118977	0.574559816	0.426584694	0.702187291	0.275602597	0	0	0	0	0	3
500	82	0	0.961538462	0.711963115	0.579117712	0.426584694	0.711963115	0.285378421	0	0	0	0	0	3
505	83	0	0.971153846	0.66381145	0.581952692	0.426584694	0.711963115	0.285378421	0	0	0	0	0	3
510	84	0	0.980769231	0.705745478	0.584288405	0.426584694	0.711963115	0.285378421	0	0	0	0	0	3
515	85	0	0.990384615	0.708589533	0.590311403	0.426584694	0.711963115	0.285378421	0	0	0	0	0	3
520	85	0	1	0.718036809	0.594304281	0.426584694	0.718036809	0.291452114	0.160840837	0	55.1	0	0	3
525	86	0	1.00961538	0.689281836	0.596897	0.426584694	0.718036809	0.291452114	0.160840837	0	55.1	0	0	3
530	87	0	1.01923077	0.7020486	0.598880993	0.426584694	0.718036809	0.291452114	0.160840837	0	55.1	0	0	3
535	88	0	1.02884615	0.756338219	0.601752332	0.426584694	0.756338219	0.329753525	0.160840837	0	48.7	0	0	3
540	88	0	1.03846154	0.770332568	0.601132979	0.426584694	0.770332568	0.343747873	0.160840837	0	46.7	0	0	3
545	89	0	1.04807692	0.784966636	0.604352531	0.426584694	0.784966636	0.349510477	0.160840837	0	46	0	0	3
550	90	0	1.05769231	0.719584373	0.607193235	0.426584694	0.784966636	0.328346539	0.160840837	0	48.9	0	0	3
555	91	0	1.06730769	0.762421054	0.610184156	0.426584694	0.784966636	0.323079169	0.160840837	0	49.7	0	0	3
560	91	0	1.07692308	0.786741574	0.614154312	0.426584694	0.786741574	0.27918474	0.160840837	0	57.6	0	0	3
565	92	0	1.08653846	0.807910686	0.617810093	0.426584694	0.807910686	0.27918474	0.160840837	0	57.6	0	0	3
570	93	0	1.09615385	0.775929969	0.62514546	0.426584694	0.807910686	0.245473314	0.160840837	0	65.5	0	0	3
575	94	0	1.10576923	0.851283996	0.6329594	0.426584694	0.851283996	0.198594979	0.160840837	0	80.9	0	0	3
580	94	0	1.11538462	0.865330752	0.640788537	0.426584694	0.865330752	0.175992507	0.160840837	0	91.3	0	0	3
585	95	0	1.125	0.871927302	0.648523314	0.426584694	0.871927302	0.157512824	0.160840837	0	100	0	0	3
590	96	0	1.13461538	0.852383209	0.656711747	0.429156489	0.871927302	0.139934146	0.160840837	0	100	0	0	3
595	97	0	1.14423077	0.840401469	0.660177591	0.429156489	0.871927302	0.139934146	0.160840837	0	100	0	0	3
600	98	0	1.15384615	0.887190555	0.668819743	0.454123516	0.887190555	0.137702201	0.160840837	0	100	0	0	3
605	99	0	1.16346154	0.88834445	0.680504632	0.488629587	0.88834445	0.14938709	0.160840837	0	100	0	0	3
610	99	0	1.17307692	0.899095974	0.688330185	0.488629587	0.899095974	0.157212642	0.160840837	0	100	0	0	3
615	100	0	1.18269231	0.868756353	0.695640315	0.531231408	0.899095974	0.164522772	0.160840837	0	97.7	0	0	3
620	101	0	1.19230769	0.90191047	0.702675835	0.531231408	0.90191047	0.171558293	0.160840837	0	93.7	0	0	3
625	102	0	1.20192308	0.901717578	0.709351511	0.531231408	0.90191047	0.178233968	0.160840837	0	90.2	0	0	3
630	103	0	1.21153846	0.916093071	0.713252295	0.531231408	0.916093071	0.182134752	0.160840837	0	88.3	0	0	3
635	104	0	1.22115385	0.914450209	0.724025469	0.559722609	0.916093071	0.192907927	0.160840837	0	83.3	0	0	3
640	104	0	1.23076923	0.905960911	0.730360271	0.559722609	0.916093071	0.199242729	0.160840837	0	80.7	0	0	3
645	105	0	1.24038462	0.921247139	0.736646063	0.559722609	0.921247139	0.20552852	0.160840837	0	78.2	0	0	3
650	106	0	1.25	0.918134629	0.742777963	0.559722609	0.921247139	0.211660421	0.160840837	0	75.9	0	0	3
655	107	0	1.25961538	0.934177105	0.749979011	0.58388199	0.934177105	0.218861469	0.160840837	0	73.4	0	0	3
660	108	0	1.26923077	0.90470493	0.752898368	0.58388199	0.934177105	0.221780826	0.160840837	0	72.5	0	0	3
665	109	0	1.27884615	0.894379513	0.758288783	0.58388199	0.934177105	0.226457575	0.160840837	0	71	0	0	3
670	110	0	1.28846154	0.927787475	0.76599817	0.58388199	0.934177105	0.230961867	0.160840837	0	69.6	0	0	3
675	110	0	1.29807692	0.929072438	0.772114383	0.58388199	0.934177105	0.235082045	0.160840837	0	68.4	0	0	3
680	111	0	1.30769231	0.941671808	0.778809553	0.58388199	0.941671808	0.23866126	0.160840837	0	67.3	0	0	3
685	112	0	1.31730769	0.911300924	0.783770872	0.58388199	0.941671808	0.241650217	0.160840837	0	66.5	0	0	3
690	113	0	1.32692308	0.941241937	0.789473919	0.58388199	0.941671808	0.241068778	0.160840837	0	66.7	0	0	3
695	114	0	1.33653846	0.941512413	0.79234257	0.58388199	0.941671808	0.243937429	0.160840837	0	65.9	0	0	3
700	114	0	1.34615385	0.954016216	0.802030218	0.58388199	0.954016216	0.248760719	0.160840837	0	64.6	0	0	3
705	115	0	1.35576923	0.928189357	0.807813434	0.58388199	0.954016216	0.253133731	0.160840837	0	63.5	0	0	3
710	116	0	1.36538462	0.92134453	0.813288135	0.58388199	0.954016216	0.254804573	0.160840837	0	63.1	0	0	3
715	117	0	1.375	0.965878014	0.819942299	0.58388199	0.965878014	0.260979521	0.160840837	0	61.6	0	0	3
720	118	0	1.38461538	0.996762664	0.827882311	0.631916505	0.996762664	0.268038782	0.160840837	0	60	0	0	3
725	119	0	1.39423077	1.00738489	0.831269152	0.631916505	1.00738489	0.271425623	0.160840837	0	59.2	0	0	3
730	119	0	1.40384615	0.980189335	0.837840338	0.648930418	1.00738489	0.275552755	0.160840837	0	58.3	0	0	3
735	120	0	1.41346154	1.0111826	0.847258492	0.648930418	1.0111826	0.278378554	0.160840837	0	57.7	0	0	3
740	121	0	1.42307692	1.04033195	0.854433454	0.648930418	1.04033195	0.283591522	0.160840837	0	56.7	0	0	3
745	122	0	1.43269231	1.07768915	0.862678815	0.66381145	1.07768915	0.290361882	0.160840837	0	55.3	0	0	3
750	122	0	1.44230769	1.04895752	0.869555663	0.66381145	1.07768915	0.294995847	0.160840837	0	54.5	0	0	3
755	123	0	1.45192308	1.05721268	0.876594565	0.66381145	1.07768915	0.297476853	0.160840837	0	54	0	0	3
760	124	0	1.46153846	1.10552037	0.88091392	0.66381145	1.10552037	0.301796208	0.160840837	0	53.2	0	0	3
765	125	0	1.47115385	1.09408623	0.892437489	0.689281836	1.10552037	0.308149084	0.160840837	0	52.1	0	0	3
770	125	0	1.48076923	1.10081982	0.900035073	0.689281836	1.10552037	0.30972367	0.160840837	0	51.9	0	0	3
775	126	0	1.49038462	1.07069036	0.90699855	0.689281836	1.10552037	0.312694269	0.160840837	0	51.4	0	0	3
780	127	0	1.5	1.09225601	0.914195073	0.689281836	1.10552037	0.317298073	0.160840837	0	50.6	0	0	3
785	128	0	1.50961538	1.11570607	0.922395539	0.7020486	1.11570607	0.323514547	0.160840837	0	49.7	0	0	3
790	128	0	1.51923077	1.11263941	0.930291516	0.719584373	1.11570607	0.329158538	0.160840837	0	48.8	0	0	3
795	129	0	1.52884615	1.07565543	0.936432232	0.719584373	1.11570607	0.335299253	0.160840837	0	47.9	0	0	3
800	130	0	1.53846154	1.07059898	0.942206586	0.719584373	1.11570607	0.337854055	0.160840837	0	47.6	0	0	3
805	131	0	1.54807692	1.12217844	0.948691428	0.719584373	1.12217844	0.341498193	0.160840837	0	47	0	0	3
810	132	0	1.55769231	1.13011253	0.956586201	0.762421054	1.13011253	0.346402044	0.160840837	0	46.4	0	0	3
815	133	0	1.56730769	1.13535017	0.963757914	0.775929969	1.13535017	0.349603602	0.160840837	0	46	0	0	3
820	133	0	1.57692308	1.10029642	0.969787815	0.775929969	1.13535017	0.351977722	0.160840837	0	45.6	0	0	3
825	134	0	1.58653846	1.12994637	0.975980809	0.775929969	1.13535017	0.350835349	0.160840837	0	45.8	0	0	3
830	135	0	1.59615385	1.14626935	0.98310272	0.840401469	1.14626935	0.305867878	0.160840837	0	52.5	0	0	3
835	136	0	1.60576923	1.13995167	0.988654022	0.840401469	1.14626935	0.305867878	0.160840837	0	52.5	0	0	3
840	137	0	1.61538462	1.1052277	0.993267425	0.840401469	1.14626935	0.305867878	0.160840837	0	52.5	0	0	3
845	137	0	1.625	1.10391065	0.997728643	0.840401469	1.14626935	0.305867878	0.160840837	0	52.5	0	0	3
850	138	0	1.63461538	1.15099766	1.00347123	0.840401469	1.15099766	0.310596191	0.160840837	0	51.7	0	0	3
855	139	0	1.64423077	1.16355768	1.00968577	0.868756353	1.16355768	0.294801331	0.160840837	0	54.5	0	0	3
860	140	0	1.65384615	1.16737805	1.01507399	0.868756353	1.16737805	0.298621698	0.160840837	0	53.8	0	0	3
865	140	0	1.66346154	1.1309578	1.01973963	0.868756353	1.16737805	0.298621698	0.160840837	0	53.8	0	0	3
870	141	0	1.67307692	1.1604301	1.02476529	0.868756353	1.16737805	0.298621698	0.160840837	0	53.8	0	0	3
875	142	0	1.68269231	1.18573453	1.03086102	0.894379513	1.18573453	0.291355016	0.160840837	0	55.2	0	0	3
880	143	0	1.69230769	1.19099862	1.03642041	0.894379513	1.19099862	0.296619109	0.160840837	0	54.2	0	0	3
885	144	0	1.70192308	1.17738218	1.04172165	0.894379513	1.19099862	0.296619109	0.160840837	0	54.2	0	0	3
890	144	0	1.71153846	1.20233386	1.04722628	0.894379513	1.20233386	0.307954348	0.160840837	0	52.2	0	0	3
895	145	0	1.72115385	1.20995615	1.05290909	0.894379513	1.20995615	0.315576636	0.160840837	0	50.9	0	0	3
900	146	0	1.73076923	1.19914169	1.05854718	0.894379513	1.20995615	0.315576636	0.160840837	0	50.9	0	0	3
905	147	0	1.74038462	1.21987573	1.06429004	0.894379513	1.21987573	0.321512077	0.160840837	0	50	0	0	3
910	148	0	1.75	1.16707706	1.0690774	0.894379513	1.21987573	0.319098384	0.160840837	0	50.4	0	0	3
915	149	0	1.75961538	1.206185	1.07430832	0.894379513	1.21987573	0.321409948	0.160840837	0	50	0	0	3
920	149	0	1.76923077	1.22464783	1.08046106	0.894379513	1.22464783	0.322172282	0.160840837	0	49.9	0	0	3
925	150	0	1.77884615	1.2275929	1.08686901	0.911300924	1.2275929	0.316291977	0.160840837	0	50.8	0	0	3
930	151	0	1.78846154	1.19723802	1.09205076	0.911300924	1.2275929	0.316291977	0.160840837	0	50.8	0	0	3
935	151	0	1.79807692	1.21925621	1.09763121	0.911300924	1.2275929	0.316291977	0.160840837	0	50.8	0	0	3
940	152	0	1.80769231	1.22990973	1.10317425	0.911300924	1.22990973	0.318608802	0.160840837	0	50.4	0	0	3
945	153	0	1.81730769	1.2610269	1.10989975	0.92134453	1.2610269	0.32042583	0.160840837	0	50.1	0	0	3
950	153	0	1.82692308	1.23648467	1.11557749	0.92134453	1.2610269	0.323234924	0.160840837	0	49.7	0	0	3
955	153	0	1.83653846	1.24415389	1.12139752	0.92134453	1.2610269	0.319367305	0.160840837	0	50.3	0	0	3
960	154	0	1.84615385	1.27006146	1.12747532	0.92134453	1.27006146	0.319661881	0.160840837	0	50.3	0	0	3
965	154	0	1.85576923	1.30250473	1.13467369	0.92134453	1.30250473	0.321385553	0.160840837	0	50	0	0	3
970	155	0	1.86538462	1.32304284	1.14239866	0.965878014	1.32304284	0.322456357	0.160840837	0	49.8	0	0	3
975	155	0	1.875	1.27724864	1.14838655	0.980189335	1.32304284	0.320504241	0.160840837	0	50.1	0	0	3
980	156	0	1.88461538	1.30281054	1.15427209	0.980189335	1.32304284	0.323002936	0.160840837	0	49.7	0	0	3
985	156	0	1.89423077	1.31497362	1.16018726	0.980189335	1.32304284	0.322346918	0.160840837	0	49.8	0	0	3
990	157	0	1.90384615	1.34091481	1.16712428	1.0111826	1.34091481	0.319865792	0.160840837	0	50.2	0	0	3
995	157	0	1.91346154	1.30842079	1.1728404	1.04033195	1.34091481	0.300582866	0.160840837	0	53.5	0	0	3
1000	157	0	1.92307692	1.33356883	1.17847957	1.04895752	1.34091481	0.291957298	0.160840837	0	55	0	0	3
1005	158	0	1.93269231	1.34249604	1.18357201	1.04895752	1.34249604	0.293538528	0.160840837	0	54.7	0	0	3
1010	158	0	1.94230769	1.35114938	1.1893834	1.05721268	1.35114938	0.293936695	0.160840837	0	54.7	0	0	3
1015	159	0	1.95192308	1.34769301	1.19496956	1.07059898	1.35114938	0.280550399	0.160840837	0	57.3	0	0	3
1020	159	0	1.96153846	1.31813305	1.19905826	1.07059898	1.35114938	0.280550399	0.160840837	0	57.3	0	0	3
1025	160	0	1.97115385	1.34452915	1.20387447	1.07059898	1.35114938	0.280550399	0.160840837	0	57.3	0	0	3
1030	160	0	1.98076923	1.36523466	1.20895937	1.07059898	1.36523466	0.294635684	0.160840837	0	54.5	0	0	3
1035	161	0	1.99038462	1.38830805	1.21506741	1.07059898	1.38830805	0.300872333	0.160840837	0	53.4	0	0	3
1040	161	0	2	1.33139386	1.21966621	1.07059898	1.38830805	0.297270671	0.160840837	0	54.1	0	0	3
1045	162	0	2.00961538	1.35864147	1.22433805	1.07059898	1.38830805	0.294046529	0.160840837	0	54.6	0	0	3
1050	162	0	2.01923077	1.35213411	1.22894371	1.07059898	1.38830805	0.292511481	0.160840837	0	54.9	0	0	3
1055	163	0	2.02884615	1.38340143	1.2348619	1.07059898	1.38830805	0.292655319	0.160840837	0	54.9	0	0	3
1060	163	0	2.03846154	1.37656247	1.2375355	1.07059898	1.38830805	0.295328914	0.160840837	0	54.4	0	0	3
1065	163	0	2.04807692	1.3832686	1.24343493	1.10029642	1.38830805	0.288011634	0.160840837	0	55.8	0	0	3
1070	164	0	2.05769231	1.33899409	1.24752579	1.10029642	1.38830805	0.288011634	0.160840837	0	55.8	0	0	3
1075	164	0	2.06730769	1.35185095	1.25394721	1.10029642	1.38830805	0.284159397	0.160840837	0	56.6	0	0	3
1080	165	0	2.07692308	1.35863772	1.25891531	1.10391065	1.38830805	0.282934505	0.160840837	0	56.8	0	0	3
1085	165	0	2.08653846	1.36938929	1.26351999	1.10391065	1.38830805	0.280417265	0.160840837	0	57.3	0	0	3
1090	166	0	2.09615385	1.36624086	1.26775021	1.10391065	1.38830805	0.279096185	0.160840837	0	57.6	0	0	3
1095	166	0	2.10576923	1.39410502	1.27263777	1.10391065	1.39410502	0.279370347	0.160840837	0	57.5	0	0	3
1100	167	0	2.11538462	1.40902238	1.27847998	1.10391065	1.40902238	0.280751334	0.160840837	0	57.2	0	0	3
1105	167	0	2.125	1.41856268	1.28453098	1.1309578	1.41856268	0.281059749	0.160840837	0	57.2	0	0	3
1110	168	0	2.13461538	1.44337016	1.29015353	1.1309578	1.44337016	0.280467754	0.160840837	0	57.3	0	0	3
1115	168	0	2.14423077	1.44357043	1.29553839	1.1309578	1.44357043	0.280464394	0.160840837	0	57.3	0	0	3
1120	169	0	2.15384615	1.40662596	1.30013931	1.1309578	1.44357043	0.280399674	0.160840837	0	57.3	0	0	3
1125	169	0	2.16346154	1.40530769	1.30212362	1.1309578	1.44357043	0.282383983	0.160840837	0	56.9	0	0	3
1130	169	0	2.17307692	1.41302089	1.30744556	1.1604301	1.44357043	0.282680271	0.160840837	0	56.8	0	0	3
1135	170	0	2.18269231	1.41960391	1.31233563	1.16707706	1.44357043	0.276493366	0.160840837	0	58.1	0	0	3
1140	170	0	2.19230769	1.41214081	1.319023	1.16707706	1.44357043	0.276493366	0.160840837	0	58.1	0	0	3
1145	171	0	2.20192308	1.44928314	1.32425187	1.16707706	1.44928314	0.277025584	0.160840837	0	58	0	0	3
1150	171	0	2.21153846	1.45019423	1.32901841	1.16707706	1.45019423	0.276109323	0.160840837	0	58.2	0	0	3
1155	172	0	2.22115385	1.48273061	1.33426408	1.16707706	1.48273061	0.275716894	0.160840837	0	58.3	0	0	3
1160	172	0	2.23076923	1.49266289	1.33990872	1.16707706	1.49266289	0.275618675	0.160840837	0	58.3	0	0	3
1165	173	0	2.24038462	1.50450681	1.34538239	1.16707706	1.50450681	0.276304995	0.160840837	0	58.2	0	0	3
1170	173	0	2.25	1.45106762	1.35084375	1.19723802	1.50450681	0.276535431	0.160840837	0	58.1	0	0	3
1175	173	0	2.25961538	1.470268	1.35592227	1.19723802	1.50450681	0.275461202	0.160840837	0	58.3	0	0	3
1180	174	0	2.26923077	1.46816772	1.36060534	1.19723802	1.50450681	0.273736327	0.160840837	0	58.7	0	0	3
1185	174	0	2.27884615	1.47734336	1.36540823	1.19723802	1.50450681	0.273357479	0.160840837	0	58.8	0	0	3
1190	175	0	2.28846154	1.46565027	1.36729959	1.19723802	1.50450681	0.275248838	0.160840837	0	58.4	0	0	3
1195	175	0	2.29807692	1.49603662	1.3729373	1.21925621	1.50450681	0.275306091	0.160840837	0	58.4	0	0	3
1200	176	0	2.30769231	1.50044143	1.37824268	1.22990973	1.50450681	0.274597089	0.160840837	0	58.5	0	0	3
1205	176	0	2.31730769	1.50726232	1.38583054	1.23648467	1.50726232	0.270253044	0.160840837	0	59.5	0	0	3
1210	177	0	2.32692308	1.50729579	1.39103844	1.24415389	1.50729579	0.263141899	0.160840837	0	61.1	0	0	3
1215	177	0	2.33653846	1.51628811	1.39627179	1.27006146	1.51628811	0.246226651	0.160840837	0	65.3	0	0	3
1220	178	0	2.34615385	1.46070601	1.39993804	1.27724864	1.51628811	0.23903947	0.160840837	0	67.2	0	0	3
1225	178	0	2.35576923	1.45769667	1.4029225	1.27724864	1.51628811	0.23903947	0.160840837	0	67.2	0	0	3
1230	179	0	2.36538462	1.48416327	1.40602097	1.27724864	1.51628811	0.23903947	0.160840837	0	67.2	0	0	3
1235	179	0	2.375	1.48712818	1.41005711	1.30281054	1.51628811	0.213477578	0.160840837	0	75.3	0	0	3
1240	179	0	2.38461538	1.51294416	1.41409814	1.30842079	1.51628811	0.207867329	0.160840837	0	77.3	0	0	3
1245	180	0	2.39423077	1.49233508	1.41750894	1.30842079	1.51628811	0.207867329	0.160840837	0	77.3	0	0	3
1250	180	0	2.40384615	1.51023308	1.42076506	1.30842079	1.51628811	0.207867329	0.160840837	0	77.3	0	0	3
1255	181	0	2.41346154	1.51816868	1.42260286	1.30842079	1.51816868	0.20974789	0.160840837	0	76.6	0	0	3
1260	181	0	2.42307692	1.51685547	1.42653559	1.31813305	1.51816868	0.200035627	0.160840837	0	80.4	0	0	3
1265	182	0	2.43269231	1.51962564	1.4300461	1.31813305	1.51962564	0.201492587	0.160840837	0	79.8	0	0	3
1270	182	0	2.44230769	1.4673764	1.43396489	1.31813305	1.51962564	0.201492587	0.160840837	0	79.8	0	0	3
1275	183	0	2.45192308	1.47051523	1.43632685	1.31813305	1.51962564	0.201492587	0.160840837	0	79.8	0	0	3
1280	183	0	2.46153846	1.4934984	1.43969927	1.33139386	1.51962564	0.188231776	0.160840837	0	85.4	0	0	3
1285	184	0	2.47115385	1.47295435	1.44216898	1.33139386	1.51962564	0.188231776	0.160840837	0	85.4	0	0	3
1290	184	0	2.48076923	1.49314178	1.44462873	1.33139386	1.51962564	0.188231776	0.160840837	0	85.4	0	0	3
1295	185	0	2.49038462	1.47047517	1.44620887	1.33139386	1.51962564	0.188231776	0.160840837	0	85.4	0	0	3
1300	185	0	2.5	1.46836789	1.44884299	1.33899409	1.51962564	0.180631547	0.160840837	0	89	0	0	3
1305	186	0	2.50961538	1.47730148	1.45112491	1.33899409	1.51962564	0.180631547	0.160840837	0	89	0	0	3
1310	186	0	2.51923077	1.48077667	1.4535988	1.33899409	1.51962564	0.180631547	0.160840837	0	89	0	0	3
1315	186	0	2.52884615	1.48906348	1.45563077	1.33899409	1.51962564	0.180631547	0.160840837	0	89	0	0	3
1320	187	0	2.53846154	1.4209817	1.45648498	1.33899409	1.51962564	0.180631547	0.160840837	0	89	0	0	3
1325	187	0	2.54807692	1.40804701	1.45696149	1.33899409	1.51962564	0.180631547	0.160840837	0	89	0	0	3
1330	188	0	2.55769231	1.40427134	1.45821682	1.35185095	1.51962564	0.167774686	0.160840837	0	95.8	0	0	3
1335	188	0	2.56730769	1.42212804	1.45956831	1.35863772	1.51962564	0.16098792	0.160840837	0	99.9	0	0	3
1340	189	0	2.57692308	1.46511303	1.46161591	1.36624086	1.51962564	0.153384779	0.160840837	0	100	0	0	3
1345	189	0	2.58653846	1.47452697	1.46363779	1.36624086	1.51962564	0.153384779	0.160840837	0	100	0	0	3
1350	190	0	2.59615385	1.48507228	1.46592301	1.39410502	1.51962564	0.125520616	0.160840837	0	100	0	0	3
1355	190	0	2.60576923	1.50754277	1.4681045	1.40427134	1.51962564	0.115354298	0.160840837	0	100	0	0	3
1360	191	0	2.61538462	1.49961244	1.46984662	1.40427134	1.51962564	0.115354298	0.160840837	0	100	0	0	3
1365	191	0	2.625	1.4424835	1.47030663	1.40427134	1.51962564	0.115354298	0.160840837	0	100	0	0	3
1370	192	0	2.63461538	1.44772744	1.47039043	1.40427134	1.51962564	0.115354298	0.160840837	0	100	0	0	3
1375	192	0	2.64423077	1.46525694	1.47080748	1.40427134	1.51962564	0.115354298	0.160840837	0	100	0	0	3
1380	192	0	2.65384615	1.455145	1.47174053	1.40427134	1.51962564	0.115354298	0.160840837	0	100	0	0	3
1385	193	0	2.66346154	1.45208893	1.47264017	1.40427134	1.51962564	0.115354298	0.160840837	0	100	0	0	3
1390	193	0	2.67307692	1.50693482	1.47444621	1.40427134	1.51962564	0.115354298	0.160840837	0	100	0	0	3
1395	194	0	2.68269231	1.50845306	1.47615485	1.40427134	1.51962564	0.115354298	0.160840837	0	100	0	0	3
1400	194	0	2.69230769	1.52297076	1.47828619	1.40427134	1.52297076	0.118699423	0.160840837	0	100	0	0	3
1405	195	0	2.70192308	1.5219924	1.47968445	1.40427134	1.52297076	0.118699423	0.160840837	0	100	0	0	3
1410	195	0	2.71153846	1.52680342	1.4811577	1.40427134	1.52680342	0.122532087	0.160840837	0	100	0	0	3
1415	196	0	2.72115385	1.47901355	1.48108622	1.40427134	1.52680342	0.122532087	0.160840837	0	100	0	0	3
1420	196	0	2.73076923	1.47659915	1.4807773	1.40427134	1.52680342	0.122532087	0.160840837	0	100	0	0	3
