Iteration	CPUTime	PhysTime	Travels	Value	AvValue	MinValue	MaxValue	Delta	Criteria	PrevAvRefValue	Progress	CriteriaType	CriteriaVarType	CriteriaPercentage
1	1	0	0.00192307692	1.49701734	1.49701734	1.49701734	1.49701734	0	0	0	0	0	0	3
5	2	0	0.00961538462	1.4912857	1.49415152	1.4912857	1.49701734	0.00286582057	0	0	0	0	0	3
10	3	0	0.0192307692	1.48398454	1.49076252	1.48398454	1.49701734	0.00625481435	0	0	0	0	0	3
15	3	0	0.0288461538	1.47689261	1.48729505	1.47689261	1.49701734	0.00972229151	0	0	0	0	0	3
20	4	0	0.0384615385	1.4707951	1.48399506	1.4707951	1.49701734	0.0130222811	0	0	0	0	0	3
25	5	0	0.0480769231	1.46583445	1.48096829	1.46583445	1.49701734	0.0160490491	0	0	0	0	0	3
30	6	0	0.0576923077	1.46129017	1.47815713	1.46129017	1.49701734	0.018860209	0	0	0	0	0	3
35	7	0	0.0673076923	1.45784478	1.47561808	1.45784478	1.49701734	0.021399252	0	0	0	0	0	3
40	8	0	0.0769230769	1.45520575	1.47335005	1.45520575	1.49701734	0.0236672891	0	0	0	0	0	3
45	8	0	0.0865384615	1.45296809	1.47131185	1.45296809	1.49701734	0.0257054853	0	0	0	0	0	3
50	9	0	0.0961538462	1.45135984	1.46949803	1.45135984	1.49701734	0.0275193046	0	0	0	0	0	3
55	10	0	0.105769231	1.45024069	1.46789325	1.45024069	1.49701734	0.0291240827	0	0	0	0	0	3
60	11	0	0.115384615	1.449372	1.46646854	1.449372	1.49701734	0.0305487945	0	0	0	0	0	3
65	12	0	0.125	1.44857381	1.46519035	1.44857381	1.49701734	0.0318269896	0	0	0	0	0	3
70	12	0	0.134615385	1.44801765	1.4640455	1.44801765	1.49701734	0.0329718363	0	0	0	0	0	3
75	13	0	0.144230769	1.44770463	1.4630242	1.44770463	1.49701734	0.0339931405	0	0	0	0	0	3
80	14	0	0.153846154	1.44747385	1.46210947	1.44747385	1.49701734	0.034907867	0	0	0	0	0	3
85	15	0	0.163461538	1.44727182	1.46128516	1.44727182	1.49701734	0.035732181	0	0	0	0	0	3
90	15	0	0.173076923	1.44703895	1.46053536	1.44703895	1.49701734	0.0364819811	0	0	0	0	0	3
95	16	0	0.182692308	1.44666339	1.45984176	1.44666339	1.49701734	0.0371755792	0	0	0	0	0	3
100	17	0	0.192307692	1.44630725	1.45919726	1.44630725	1.49701734	0.0378200795	0	0	0	0	0	3
105	18	0	0.201923077	1.44587082	1.45859151	1.44587082	1.49701734	0.0384258264	0	0	0	0	0	3
110	19	0	0.211538462	1.4453586	1.45801617	1.4453586	1.49701734	0.0390011704	0	0	0	0	0	3
115	19	0	0.221153846	1.44479591	1.45746532	1.44479591	1.49701734	0.0395520145	0	0	0	0	0	3
120	20	0	0.230769231	1.44416132	1.45693316	1.44416132	1.49701734	0.0400841747	0	0	0	0	0	3
125	21	0	0.240384615	1.44347539	1.45641556	1.44347539	1.49701734	0.0406017812	0	0	0	0	0	3
130	22	0	0.25	1.44274064	1.45590908	1.44274064	1.49701734	0.0411082597	0	0	0	0	0	3
135	22	0	0.259615385	1.44198868	1.45541192	1.44198868	1.49701734	0.0416054169	0	0	0	0	0	3
140	23	0	0.269230769	1.44124659	1.45492346	1.44124659	1.49701734	0.0420938764	0	0	0	0	0	3
145	24	0	0.278846154	1.44052348	1.45444346	1.44052348	1.49701734	0.0425738759	0	0	0	0	0	3
150	25	0	0.288461538	1.43981128	1.45397146	1.43981128	1.49701734	0.0430458817	0	0	0	0	0	3
155	26	0	0.298076923	1.43908824	1.45350635	1.43908824	1.49701734	0.0435109823	0	0	0	0	0	3
160	27	0	0.307692308	1.43832839	1.45304642	1.43832839	1.49701734	0.0439709207	0	0	0	0	0	3
165	27	0	0.317307692	1.43751726	1.45258968	1.43751726	1.49701734	0.0444276607	0	0	0	0	0	3
170	28	0	0.326923077	1.43666155	1.45213459	1.43666155	1.49701734	0.0448827502	0	0	0	0	0	3
175	29	0	0.336538462	1.43577639	1.45168019	1.43577639	1.49701734	0.0453371445	0	0	0	0	0	3
180	30	0	0.346153846	1.43486542	1.45122574	1.43486542	1.49701734	0.0457915978	0	0	0	0	0	3
185	31	0	0.355769231	1.43393222	1.45077065	1.43393222	1.49701734	0.0462466904	0	0	0	0	0	3
190	32	0	0.365384615	1.43299826	1.45031494	1.43299826	1.49701734	0.0467023926	0	0	0	0	0	3
195	32	0	0.375	1.43208433	1.44985918	1.43208433	1.49701734	0.047158158	0	0	0	0	0	3
200	33	0	0.384615385	1.43117598	1.44940349	1.43117598	1.49701734	0.0476138458	0	0	0	0	0	3
205	34	0	0.394230769	1.4302617	1.44894773	1.4302617	1.49701734	0.0480696027	0	0	0	0	0	3
210	35	0	0.403846154	1.42932734	1.44849145	1.42932734	1.49701734	0.048525891	0	0	0	0	0	3
215	36	0	0.413461538	1.42839406	1.44803469	1.42839406	1.49701734	0.0489826497	0	0	0	0	0	3
220	37	0	0.423076923	1.4274605	1.44757748	1.4274605	1.49701734	0.0494398539	0	0	0	0	0	3
225	38	0	0.432692308	1.42652305	1.44711978	1.42652305	1.49701734	0.0498975589	0	0	0	0	0	3
230	38	0	0.442307692	1.42557702	1.44666142	1.42557702	1.49701734	0.0503559155	0	0	0	0	0	3
235	39	0	0.451923077	1.42462681	1.44620237	1.42462681	1.49701734	0.0508149698	0	0	0	0	0	3
240	40	0	0.461538462	1.42368637	1.44574286	1.42368637	1.49701734	0.0512744799	0	0	0	0	0	3
245	41	0	0.471153846	1.42273845	1.44528277	1.42273845	1.49701734	0.0517345681	0	0	0	0	0	3
250	42	0	0.480769231	1.42178355	1.444822	1.42178355	1.49701734	0.0521953372	0	0	0	0	0	3
255	43	0	0.490384615	1.42080509	1.44436014	1.42080509	1.49701734	0.0526572007	0	0	0	0	0	3
260	44	0	0.5	1.4198221	1.44389715	1.4198221	1.49701734	0.0531201826	0	0	0	0	0	3
265	45	0	0.509615385	1.41884452	1.4424222	1.41884452	1.4912857	0.0517293208	0	0	0	0	0	3
270	46	0	0.519230769	1.41786073	1.4402109	1.41786073	1.47689261	0.0470841442	0	0	0	0	0	3
275	46	0	0.528846154	1.41686963	1.43905661	1.41686963	1.4707951	0.0449384427	0	0	0	0	0	3
280	47	0	0.538461538	1.41587867	1.43800053	1.41587867	1.46583445	0.0429677599	0	0	0	0	0	3
285	48	0	0.548076923	1.41490983	1.43702121	1.41490983	1.46129017	0.0411359195	0	0	0	0	0	3
290	49	0	0.557692308	1.41395639	1.43611094	1.41395639	1.45784478	0.0395071415	0	0	0	0	0	3
295	50	0	0.567307692	1.41300546	1.43524865	1.41300546	1.45520575	0.0381013991	0	0	0	0	0	3
300	50	0	0.576923077	1.41204962	1.43481093	1.41204962	1.45520575	0.0385391167	0	0	0	0	0	3
305	52	0	0.586538462	1.41110891	1.43361374	1.41110891	1.45135984	0.0358842934	0	0	0	0	0	3
310	53	0	0.596153846	1.41019102	1.43282203	1.41019102	1.45024069	0.0350712233	0	0	0	0	0	3
315	53	0	0.605769231	1.40928934	1.43237802	1.40928934	1.45024069	0.0355152365	0	0	0	0	0	3
320	54	0	0.615384615	1.40839142	1.43124642	1.40839142	1.44857381	0.0339439307	0	0	0	0	0	3
325	55	0	0.625	1.40750784	1.43045669	1.40750784	1.44801765	0.0335888142	0	0	0	0	0	3
330	56	0	0.634615385	1.40665856	1.42966132	1.40665856	1.44770463	0.0333628771	0	0	0	0	0	3
335	56	0	0.644230769	1.40582941	1.42885603	1.40582941	1.44747385	0.0332534434	0	0	0	0	0	3
340	57	0	0.653846154	1.40500649	1.42803935	1.40500649	1.44727182	0.0332458094	0	0	0	0	0	3
345	58	0	0.663461538	1.40419947	1.42721103	1.40419947	1.44703895	0.0333243238	0	0	0	0	0	3
350	59	0	0.673076923	1.40341358	1.42637208	1.40341358	1.44666339	0.0334696752	0	0	0	0	0	3
355	59	0	0.682692308	1.40264942	1.42552566	1.40264942	1.44630725	0.0336715974	0	0	0	0	0	3
360	60	0	0.692307692	1.40189413	1.42467156	1.40189413	1.44587082	0.033919949	0	0	0	0	0	3
365	61	0	0.701923077	1.40114455	1.42422766	1.40114455	1.44587082	0.0343638548	0	0	0	0	0	3
370	62	0	0.711538462	1.40040971	1.42294704	1.40040971	1.44479591	0.0345182833	0	0	0	0	0	3
375	63	0	0.721153846	1.39969749	1.42207976	1.39969749	1.44416132	0.0348534004	0	0	0	0	0	3
380	63	0	0.730769231	1.39899315	1.42164417	1.39899315	1.44416132	0.0352889969	0	0	0	0	0	3
385	64	0	0.740384615	1.39829325	1.42034226	1.39829325	1.44274064	0.0355668215	0	0	0	0	0	3
390	65	0	0.75	1.39760798	1.41947432	1.39760798	1.44198868	0.0359376001	0	0	0	0	0	3
395	66	0	0.759615385	1.39694599	1.41904926	1.39694599	1.44198868	0.0363626629	0	0	0	0	0	3
400	66	0	0.769230769	1.39629137	1.41774359	1.39629137	1.44052348	0.03669987	0	0	0	0	0	3
405	67	0	0.778846154	1.39563466	1.41688034	1.39563466	1.43981128	0.0370911107	0	0	0	0	0	3
410	68	0	0.788461538	1.39498836	1.41601837	1.39498836	1.43908824	0.0374879895	0	0	0	0	0	3
415	69	0	0.798076923	1.39436113	1.41515823	1.39436113	1.43832839	0.0378881876	0	0	0	0	0	3
420	70	0	0.807692308	1.39375542	1.41430106	1.39375542	1.43751726	0.03828862	0	0	0	0	0	3
425	71	0	0.817307692	1.39315597	1.41344795	1.39315597	1.43666155	0.0386866323	0	0	0	0	0	3
430	71	0	0.826923077	1.39256168	1.41305387	1.39256168	1.43666155	0.0390807129	0	0	0	0	0	3
435	72	0	0.836538462	1.39197596	1.41175756	1.39197596	1.43486542	0.0394681749	0	0	0	0	0	3
440	73	0	0.846153846	1.39141854	1.41092205	1.39141854	1.43393222	0.0398485991	0	0	0	0	0	3
445	73	0	0.855769231	1.39086901	1.41054369	1.39086901	1.43393222	0.0402269583	0	0	0	0	0	3
450	74	0	0.865384615	1.3903252	1.40927327	1.3903252	1.43208433	0.0405859059	0	0	0	0	0	3
455	75	0	0.875	1.38979377	1.40845999	1.38979377	1.43117598	0.040943498	0	0	0	0	0	3
460	76	0	0.884615385	1.3892813	1.40809813	1.3892813	1.43117598	0.0413053601	0	0	0	0	0	3
465	77	0	0.894230769	1.38879092	1.40685681	1.38879092	1.42932734	0.0405364224	0	0	0	0	0	3
470	77	0	0.903846154	1.38830519	1.40606792	1.38830519	1.42839406	0.0400888681	0	0	0	0	0	3
475	78	0	0.913461538	1.38782972	1.40528784	1.38782972	1.4274605	0.0396307841	0	0	0	0	0	3
480	79	0	0.923076923	1.38737274	1.40451692	1.38737274	1.42652305	0.0391503148	0	0	0	0	0	3
485	80	0	0.932692308	1.38692846	1.40375549	1.38692846	1.42557702	0.0386485579	0	0	0	0	0	3
490	81	0	0.942307692	1.3864889	1.40300379	1.3864889	1.42462681	0.0381379086	0	0	0	0	0	3
495	81	0	0.951923077	1.3860581	1.40268406	1.3860581	1.42462681	0.0385687109	0	0	0	0	0	3
500	82	0	0.961538462	1.38563281	1.40153029	1.38563281	1.42273845	0.0371056406	0	0	0	0	0	3
505	83	0	0.971153846	1.38523145	1.400809	1.38523145	1.42178355	0.0365520934	0	0	0	0	0	3
510	84	0	0.980769231	1.38483782	1.40050766	1.38483782	1.42178355	0.0369457223	0	0	0	0	0	3
515	85	0	0.990384615	1.38444999	1.39939937	1.38444999	1.4198221	0.0353721026	0	0	0	0	0	3
520	85	0	1	1.38407429	1.39871191	1.38407429	1.41884452	0.034770237	0.0110140427	0	31.6	0	0	3
525	86	0	1.00961538	1.38371462	1.39803633	1.38371462	1.41786073	0.0341461099	0.0110140427	0	32.2	0	0	3
530	87	0	1.01923077	1.38337611	1.39775973	1.38337611	1.41786073	0.0344846176	0.0110140427	0	31.9	0	0	3
535	88	0	1.02884615	1.38303438	1.39710263	1.38303438	1.41686963	0.033835254	0.0110140427	0	32.5	0	0	3
540	88	0	1.03846154	1.3827024	1.39608449	1.3827024	1.41490983	0.0322074351	0.0110140427	0	34.1	0	0	3
545	89	0	1.04807692	1.38238013	1.39545891	1.38238013	1.41395639	0.0315762595	0.0110140427	0	34.8	0	0	3
550	90	0	1.05769231	1.38208306	1.39484597	1.38208306	1.41300546	0.030922402	0.0110140427	0	35.6	0	0	3
555	91	0	1.06730769	1.38178709	1.39424561	1.38178709	1.41204962	0.0302625223	0.0110140427	0	36.3	0	0	3
560	91	0	1.07692308	1.38149464	1.39365802	1.38149464	1.41110891	0.0296142773	0.0110140427	0	37.1	0	0	3
565	92	0	1.08653846	1.38120693	1.39342309	1.38120693	1.41110891	0.0299019874	0.0110140427	0	36.8	0	0	3
570	93	0	1.09615385	1.38093132	1.39252029	1.38093132	1.40928934	0.0283580134	0.0110140427	0	38.8	0	0	3
575	94	0	1.10576923	1.38066442	1.39196981	1.38066442	1.40839142	0.0277269969	0.0110140427	0	39.7	0	0	3
580	94	0	1.11538462	1.38039343	1.39143139	1.38039343	1.40750784	0.027114411	0.0110140427	0	40.6	0	0	3
585	95	0	1.125	1.38012574	1.39090481	1.38012574	1.40665856	0.0265328156	0.0110140427	0	41.5	0	0	3
590	96	0	1.13461538	1.37986705	1.39038959	1.37986705	1.40582941	0.0259623608	0.0110140427	0	42.4	0	0	3
595	97	0	1.14423077	1.3796236	1.39018646	1.3796236	1.40582941	0.0262058132	0.0110140427	0	42	0	0	3
600	98	0	1.15384615	1.37937545	1.38968733	1.37937545	1.40500649	0.0256310405	0.0110140427	0	42.9	0	0	3
605	99	0	1.16346154	1.37913024	1.38891063	1.37913024	1.40341358	0.024283339	0.0110140427	0	45.3	0	0	3
610	99	0	1.17307692	1.37889128	1.38843904	1.37889128	1.40264942	0.0237581397	0.0110140427	0	46.3	0	0	3
615	100	0	1.18269231	1.37866449	1.3879778	1.37866449	1.40189413	0.0232296402	0.0110140427	0	47.4	0	0	3
620	101	0	1.19230769	1.37844507	1.38752685	1.37844507	1.40114455	0.0226994848	0.0110140427	0	48.5	0	0	3
625	102	0	1.20192308	1.37822194	1.38708603	1.37822194	1.40040971	0.0221877685	0.0110140427	0	49.6	0	0	3
630	103	0	1.21153846	1.37800237	1.38691464	1.37800237	1.40040971	0.0224073383	0.0110140427	0	49.1	0	0	3
635	104	0	1.22115385	1.3777865	1.38623376	1.3777865	1.39899315	0.0212066449	0.0110140427	0	51.9	0	0	3
640	104	0	1.23076923	1.37758888	1.38582214	1.37758888	1.39829325	0.0207043689	0.0110140427	0	53.1	0	0	3
645	105	0	1.24038462	1.37738727	1.3854201	1.37738727	1.39760798	0.0202207115	0.0110140427	0	54.4	0	0	3
650	106	0	1.25	1.37718336	1.38502732	1.37718336	1.39694599	0.0197626268	0.0110140427	0	55.7	0	0	3
655	107	0	1.25961538	1.37698567	1.38464347	1.37698567	1.39629137	0.0193057009	0.0110140427	0	57	0	0	3
660	108	0	1.26923077	1.3767969	1.38449542	1.3767969	1.39629137	0.0194944683	0.0110140427	0	56.4	0	0	3
665	109	0	1.27884615	1.37662047	1.38412427	1.37662047	1.39563466	0.0190141909	0.0110140427	0	57.9	0	0	3
670	110	0	1.28846154	1.37643353	1.38354609	1.37643353	1.39436113	0.017927607	0.0110140427	0	61.4	0	0	3
675	110	0	1.29807692	1.37625	1.3831978	1.37625	1.39375542	0.0175054215	0.0110140427	0	62.9	0	0	3
680	111	0	1.30769231	1.37607032	1.3828577	1.37607032	1.39315597	0.0170856476	0.0110140427	0	64.4	0	0	3
685	112	0	1.31730769	1.37590528	1.38252596	1.37590528	1.39256168	0.0166563977	0.0110140427	0	66.1	0	0	3
690	113	0	1.32692308	1.37574289	1.38220252	1.37574289	1.39197596	0.0162330744	0.0110140427	0	67.8	0	0	3
695	114	0	1.33653846	1.37557698	1.38207751	1.37557698	1.39197596	0.0163989819	0.0110140427	0	67.1	0	0	3
700	114	0	1.34615385	1.37541434	1.38157938	1.37541434	1.39086901	0.0154546703	0.0110140427	0	71.2	0	0	3
705	115	0	1.35576923	1.37525919	1.38127919	1.37525919	1.3903252	0.0150660111	0.0110140427	0	73.1	0	0	3
710	116	0	1.36538462	1.37511856	1.38098676	1.37511856	1.38979377	0.0146752106	0.0110140427	0	75	0	0	3
715	117	0	1.375	1.37496937	1.38070167	1.37496937	1.3892813	0.0143119256	0.0110140427	0	76.9	0	0	3
720	118	0	1.38461538	1.3748232	1.38042363	1.3748232	1.38879092	0.0139677134	0.0110140427	0	78.8	0	0	3
725	119	0	1.39423077	1.37467995	1.38031526	1.37467995	1.38879092	0.0141109716	0.0110140427	0	78	0	0	3
730	119	0	1.40384615	1.37455029	1.38004657	1.37455029	1.38830519	0.0137549008	0.0110140427	0	80	0	0	3
735	120	0	1.41346154	1.37442138	1.3796299	1.37442138	1.38737274	0.012951363	0.0110140427	0	85	0	0	3
740	121	0	1.42307692	1.37428644	1.37937824	1.37428644	1.38692846	0.0126420202	0.0110140427	0	87.1	0	0	3
745	122	0	1.43269231	1.37415397	1.37913257	1.37415397	1.3864889	0.0123349317	0.0110140427	0	89.2	0	0	3
750	122	0	1.44230769	1.37402784	1.37889294	1.37402784	1.3860581	0.0120302639	0.0110140427	0	91.5	0	0	3
755	123	0	1.45192308	1.37391601	1.37865944	1.37391601	1.38563281	0.0117167974	0.0110140427	0	94	0	0	3
760	124	0	1.46153846	1.37379426	1.37856764	1.37379426	1.38563281	0.011838544	0.0110140427	0	93	0	0	3
765	125	0	1.47115385	1.37367465	1.37820953	1.37367465	1.38483782	0.0111631688	0.0110140427	0	98.6	0	0	3
770	125	0	1.48076923	1.37355712	1.37799259	1.37355712	1.38444999	0.0108928764	0.0110140427	0	100	0	0	3
775	126	0	1.49038462	1.3734527	1.3777811	1.3734527	1.38407429	0.0106215824	0.0110140427	0	100	0	0	3
780	127	0	1.5	1.37334684	1.37757481	1.37334684	1.38371462	0.0103677797	0.0110140427	0	100	0	0	3
785	128	0	1.50961538	1.37323807	1.37737333	1.37323807	1.38337611	0.0101380438	0.0110140427	0	100	0	0	3
790	128	0	1.51923077	1.37313201	1.37717633	1.37313201	1.38303438	0.00990236619	0.0110140427	0	100	0	0	3
795	129	0	1.52884615	1.37303411	1.37698402	1.37303411	1.3827024	0.00966828267	0.0110140427	0	100	0	0	3
800	130	0	1.53846154	1.3729473	1.37679642	1.3729473	1.38238013	0.00943282539	0.0110140427	0	100	0	0	3
805	131	0	1.54807692	1.37285054	1.37661316	1.37285054	1.38208306	0.00923252187	0.0110140427	0	100	0	0	3
810	132	0	1.55769231	1.37275576	1.37643379	1.37275576	1.38178709	0.00903133428	0.0110140427	0	100	0	0	3
815	133	0	1.56730769	1.37266338	1.37625833	1.37266338	1.38149464	0.00883125386	0.0110140427	0	100	0	0	3
820	133	0	1.57692308	1.3725814	1.37608692	1.3725814	1.38120693	0.00862552954	0.0110140427	0	100	0	0	3
825	134	0	1.58653846	1.37250262	1.37591953	1.37250262	1.38093132	0.00842870215	0.0110140427	0	100	0	0	3
830	135	0	1.59615385	1.37241672	1.37575579	1.37241672	1.38066442	0.00824769876	0.0110140427	0	100	0	0	3
835	136	0	1.60576923	1.37232896	1.37559549	1.37232896	1.38039343	0.00806447331	0.0110140427	0	100	0	0	3
840	137	0	1.61538462	1.37224349	1.37543876	1.37224349	1.38012574	0.00788224748	0.0110140427	0	100	0	0	3
845	137	0	1.625	1.37217116	1.37528579	1.37217116	1.37986705	0.00769589043	0.0110140427	0	100	0	0	3
850	138	0	1.63461538	1.37208796	1.37513619	1.37208796	1.3796236	0.00753563579	0.0110140427	0	100	0	0	3
855	139	0	1.64423077	1.37200562	1.37498969	1.37200562	1.37937545	0.00736982469	0.0110140427	0	100	0	0	3
860	140	0	1.65384615	1.37192577	1.37484643	1.37192577	1.37913024	0.00720446489	0.0110140427	0	100	0	0	3
865	140	0	1.66346154	1.37185694	1.37470656	1.37185694	1.37889128	0.00703433847	0.0110140427	0	100	0	0	3
870	141	0	1.67307692	1.37178418	1.37456989	1.37178418	1.37866449	0.00688030444	0.0110140427	0	100	0	0	3
875	142	0	1.68269231	1.37170534	1.37443606	1.37170534	1.37844507	0.00673972191	0.0110140427	0	100	0	0	3
880	143	0	1.69230769	1.37162892	1.37430498	1.37162892	1.37822194	0.00659302279	0.0110140427	0	100	0	0	3
885	144	0	1.70192308	1.37155698	1.3741768	1.37155698	1.37800237	0.00644539161	0.0110140427	0	100	0	0	3
890	144	0	1.71153846	1.37148894	1.37405155	1.37148894	1.3777865	0.00629755909	0.0110140427	0	100	0	0	3
895	145	0	1.72115385	1.37140862	1.37392889	1.37140862	1.37758888	0.00618025725	0.0110140427	0	100	0	0	3
900	146	0	1.73076923	1.37132776	1.37380849	1.37132776	1.37738727	0.00605950444	0.0110140427	0	100	0	0	3
905	147	0	1.74038462	1.3712475	1.37369042	1.3712475	1.37718336	0.00593585851	0.0110140427	0	100	0	0	3
910	148	0	1.75	1.37118069	1.37357498	1.37118069	1.37698567	0.00580497988	0.0110140427	0	100	0	0	3
915	149	0	1.75961538	1.37110399	1.37346187	1.37110399	1.3767969	0.00569291058	0.0110140427	0	100	0	0	3
920	149	0	1.76923077	1.37102735	1.37335092	1.37102735	1.37662047	0.00559311649	0.0110140427	0	100	0	0	3
925	150	0	1.77884615	1.37095175	1.3732419	1.37095175	1.37643353	0.00548177911	0.0110140427	0	100	0	0	3
930	151	0	1.78846154	1.37088409	1.37313518	1.37088409	1.37625	0.00536590596	0.0110140427	0	100	0	0	3
935	151	0	1.79807692	1.37081722	1.37303071	1.37081722	1.37607032	0.00525309993	0.0110140427	0	100	0	0	3
940	152	0	1.80769231	1.37074291	1.37292826	1.37074291	1.37590528	0.00516237213	0.0110140427	0	100	0	0	3
945	153	0	1.81730769	1.37066882	1.37282756	1.37066882	1.37574289	0.00507407542	0.0110140427	0	100	0	0	3
950	153	0	1.82692308	1.37059812	1.37272862	1.37059812	1.37557698	0.00497886492	0.0110140427	0	100	0	0	3
955	153	0	1.83653846	1.37053786	1.37263171	1.37053786	1.37541434	0.00487648082	0.0110140427	0	100	0	0	3
960	154	0	1.84615385	1.37046585	1.37253655	1.37046585	1.37525919	0.00479334514	0.0110140427	0	100	0	0	3
965	154	0	1.85576923	1.37039427	1.37244299	1.37039427	1.37511856	0.00472429091	0.0110140427	0	100	0	0	3
970	155	0	1.86538462	1.37032233	1.37235076	1.37032233	1.37496937	0.0046470414	0.0110140427	0	100	0	0	3
975	155	0	1.875	1.37026165	1.37226022	1.37026165	1.3748232	0.00456155488	0.0110140427	0	100	0	0	3
980	156	0	1.88461538	1.37019591	1.37217124	1.37019591	1.37467995	0.00448403502	0.0110140427	0	100	0	0	3
985	156	0	1.89423077	1.3701247	1.37208364	1.3701247	1.37455029	0.00442559084	0.0110140427	0	100	0	0	3
990	157	0	1.90384615	1.3700542	1.37199717	1.3700542	1.37442138	0.00436717894	0.0110140427	0	100	0	0	3
995	157	0	1.91346154	1.36998852	1.37191193	1.36998852	1.37428644	0.00429791714	0.0110140427	0	100	0	0	3
1000	157	0	1.92307692	1.36992883	1.37182813	1.36992883	1.37415397	0.00422514	0.0110140427	0	100	0	0	3
1005	158	0	1.93269231	1.36985986	1.37174555	1.36985986	1.37402784	0.00416797851	0.0110140427	0	100	0	0	3
1010	158	0	1.94230769	1.36979112	1.37166407	1.36979112	1.37391601	0.00412489062	0.0110140427	0	100	0	0	3
1015	159	0	1.95192308	1.36972429	1.37158346	1.36972429	1.37379426	0.00406996997	0.0110140427	0	100	0	0	3
1020	159	0	1.96153846	1.36966984	1.37150415	1.36966984	1.37367465	0.00400481551	0.0110140427	0	100	0	0	3
1025	160	0	1.97115385	1.36960809	1.37142594	1.36960809	1.37355712	0.00394902858	0.0110140427	0	100	0	0	3
1030	160	0	1.98076923	1.36954445	1.37134878	1.36954445	1.3734527	0.00390825507	0.0110140427	0	100	0	0	3
1035	161	0	1.99038462	1.36948219	1.37127242	1.36948219	1.37334684	0.00386465239	0.0110140427	0	100	0	0	3
1040	161	0	2	1.36942789	1.37119706	1.36942789	1.37323807	0.00381017945	0.0110140427	0	100	0	0	3
1045	162	0	2.00961538	1.369376	1.37112278	1.369376	1.37313201	0.00375601751	0.0110140427	0	100	0	0	3
1050	162	0	2.01923077	1.36931899	1.37104946	1.36931899	1.37303411	0.00371511882	0.0110140427	0	100	0	0	3
1055	163	0	2.02884615	1.36926361	1.37097695	1.36926361	1.3729473	0.00368369581	0.0110140427	0	100	0	0	3
1060	163	0	2.03846154	1.36920325	1.37094348	1.36920325	1.3729473	0.00374405734	0.0110140427	0	100	0	0	3
1065	163	0	2.04807692	1.36912353	1.37087133	1.36912353	1.37285054	0.00372700282	0.0110140427	0	100	0	0	3
1070	164	0	2.05769231	1.36905349	1.37079969	1.36905349	1.37275576	0.00370227342	0.0110140427	0	100	0	0	3
1075	164	0	2.06730769	1.36901648	1.37069194	1.36901648	1.3725814	0.00356491535	0.0110140427	0	100	0	0	3
1080	165	0	2.07692308	1.36898288	1.37062274	1.36898288	1.37250262	0.00351974117	0.0110140427	0	100	0	0	3
1085	165	0	2.08653846	1.36895073	1.37055444	1.36895073	1.37241672	0.00346599404	0.0110140427	0	100	0	0	3
1090	166	0	2.09615385	1.36891854	1.37048716	1.36891854	1.37232896	0.00341041304	0.0110140427	0	100	0	0	3
1095	166	0	2.10576923	1.36887465	1.37042073	1.36887465	1.37224349	0.00336884319	0.0110140427	0	100	0	0	3
1100	167	0	2.11538462	1.36883078	1.3703551	1.36883078	1.37217116	0.00334037854	0.0110140427	0	100	0	0	3
1105	167	0	2.125	1.36878676	1.37029002	1.36878676	1.37208796	0.00330120297	0.0110140427	0	100	0	0	3
1110	168	0	2.13461538	1.3687179	1.37022521	1.3687179	1.37200562	0.00328772087	0.0110140427	0	100	0	0	3
1115	168	0	2.14423077	1.36864653	1.37016061	1.36864653	1.37192577	0.00327924388	0.0110140427	0	100	0	0	3
1120	169	0	2.15384615	1.36859285	1.37009652	1.36859285	1.37185694	0.00326409834	0.0110140427	0	100	0	0	3
1125	169	0	2.16346154	1.36856633	1.37006765	1.36856633	1.37185694	0.0032906125	0.0110140427	0	100	0	0	3
1130	169	0	2.17307692	1.36853981	1.37000506	1.36853981	1.37178418	0.00324437493	0.0110140427	0	100	0	0	3
1135	170	0	2.18269231	1.36851453	1.36994337	1.36851453	1.37170534	0.00319080996	0.0110140427	0	100	0	0	3
1140	170	0	2.19230769	1.36849029	1.36984913	1.36849029	1.37155698	0.00306668842	0.0110140427	0	100	0	0	3
1145	171	0	2.20192308	1.36845463	1.36978946	1.36845463	1.37148894	0.00303431261	0.0110140427	0	100	0	0	3
1150	171	0	2.21153846	1.36841839	1.36973042	1.36841839	1.37140862	0.00299022692	0.0110140427	0	100	0	0	3
1155	172	0	2.22115385	1.36838032	1.36967218	1.36838032	1.37132776	0.00294743806	0.0110140427	0	100	0	0	3
1160	172	0	2.23076923	1.36831343	1.36961421	1.36831343	1.3712475	0.0029340749	0.0110140427	0	100	0	0	3
1165	173	0	2.24038462	1.3682483	1.36955653	1.3682483	1.37118069	0.00293239595	0.0110140427	0	100	0	0	3
1170	173	0	2.25	1.36820227	1.36949926	1.36820227	1.37110399	0.00290172238	0.0110140427	0	100	0	0	3
1175	173	0	2.25961538	1.36818376	1.3694431	1.36818376	1.37102735	0.00284359081	0.0110140427	0	100	0	0	3
1180	174	0	2.26923077	1.36816708	1.36938809	1.36816708	1.37095175	0.00278467062	0.0110140427	0	100	0	0	3
1185	174	0	2.27884615	1.3681483	1.36933418	1.3681483	1.37088409	0.00273579594	0.0110140427	0	100	0	0	3
1190	175	0	2.28846154	1.36812509	1.36931137	1.36812509	1.37088409	0.00275900134	0.0110140427	0	100	0	0	3
1195	175	0	2.29807692	1.36808929	1.36925864	1.36808929	1.37081722	0.00272792911	0.0110140427	0	100	0	0	3
1200	176	0	2.30769231	1.368053	1.36920648	1.368053	1.37074291	0.00268991139	0.0110140427	0	100	0	0	3
1205	176	0	2.31730769	1.36801081	1.36912582	1.36801081	1.37059812	0.00258730957	0.0110140427	0	100	0	0	3
1210	177	0	2.32692308	1.3679474	1.36907484	1.3679474	1.37053786	0.00259045572	0.0110140427	0	100	0	0	3
1215	177	0	2.33653846	1.36788753	1.36902388	1.36788753	1.37046585	0.00257831496	0.0110140427	0	100	0	0	3
1220	178	0	2.34615385	1.36785721	1.36897371	1.36785721	1.37039427	0.00253706222	0.0110140427	0	100	0	0	3
1225	178	0	2.35576923	1.36784781	1.36892474	1.36784781	1.37032233	0.00247452355	0.0110140427	0	100	0	0	3
1230	179	0	2.36538462	1.36784334	1.36887707	1.36784334	1.37026165	0.0024183139	0.0110140427	0	100	0	0	3
1235	179	0	2.375	1.36783593	1.36883042	1.36783593	1.37019591	0.00235997702	0.0110140427	0	100	0	0	3
1240	179	0	2.38461538	1.36782406	1.3687848	1.36782406	1.3701247	0.00230064489	0.0110140427	0	100	0	0	3
1245	180	0	2.39423077	1.36779731	1.36874005	1.36779731	1.3700542	0.00225689041	0.0110140427	0	100	0	0	3
1250	180	0	2.40384615	1.36776825	1.36869609	1.36776825	1.36998852	0.00222026866	0.0110140427	0	100	0	0	3
1255	181	0	2.41346154	1.36772511	1.36867777	1.36772511	1.36998852	0.00226341668	0.0110140427	0	100	0	0	3
1260	181	0	2.42307692	1.3676707	1.36863403	1.3676707	1.36992883	0.00225813714	0.0110140427	0	100	0	0	3
1265	182	0	2.43269231	1.36761694	1.36859041	1.36761694	1.36985986	0.00224291698	0.0110140427	0	100	0	0	3
1270	182	0	2.44230769	1.36759468	1.36852376	1.36759468	1.36972429	0.00212961189	0.0110140427	0	100	0	0	3
1275	183	0	2.45192308	1.36758718	1.36848266	1.36758718	1.36966984	0.00208265552	0.0110140427	0	100	0	0	3
1280	183	0	2.46153846	1.36758123	1.3684425	1.36758123	1.36960809	0.00202686219	0.0110140427	0	100	0	0	3
1285	184	0	2.47115385	1.36757453	1.36840339	1.36757453	1.36954445	0.0019699195	0.0110140427	0	100	0	0	3
1290	184	0	2.48076923	1.36755758	1.36836518	1.36755758	1.36948219	0.00192460863	0.0110140427	0	100	0	0	3
1295	185	0	2.49038462	1.36753092	1.36832766	1.36753092	1.36942789	0.00189697275	0.0110140427	0	100	0	0	3
1300	185	0	2.5	1.36750032	1.36829059	1.36750032	1.369376	0.00187567113	0.0110140427	0	100	0	0	3
1305	186	0	2.50961538	1.36745234	1.3682536	1.36745234	1.36931899	0.0018666581	0.0110140427	0	100	0	0	3
1310	186	0	2.51923077	1.36739712	1.36821664	1.36739712	1.36926361	0.0018664842	0.0110140427	0	100	0	0	3
1315	186	0	2.52884615	1.36734639	1.36817977	1.36734639	1.36920325	0.00185686177	0.0110140427	0	100	0	0	3
1320	187	0	2.53846154	1.36733617	1.36814386	1.36733617	1.36912353	0.00178735922	0.0110140427	0	100	0	0	3
1325	187	0	2.54807692	1.3673312	1.36810939	1.3673312	1.36905349	0.00172228408	0.0110140427	0	100	0	0	3
1330	188	0	2.55769231	1.36732701	1.36807619	1.36732701	1.36901648	0.00168947487	0.0110140427	0	100	0	0	3
1335	188	0	2.56730769	1.36732121	1.36804359	1.36732121	1.36898288	0.0016616712	0.0110140427	0	100	0	0	3
1340	189	0	2.57692308	1.36730426	1.36801131	1.36730426	1.36895073	0.00164646524	0.0110140427	0	100	0	0	3
1345	189	0	2.58653846	1.36727825	1.36797915	1.36727825	1.36891854	0.00164029737	0.0110140427	0	100	0	0	3
1350	190	0	2.59615385	1.36724926	1.36794704	1.36724926	1.36887465	0.00162539117	0.0110140427	0	100	0	0	3
1355	190	0	2.60576923	1.36719641	1.36791477	1.36719641	1.36883078	0.00163437004	0.0110140427	0	100	0	0	3
1360	191	0	2.61538462	1.3671415	1.36788228	1.3671415	1.36878676	0.00164525285	0.0110140427	0	100	0	0	3
1365	191	0	2.625	1.36709665	1.36784978	1.36709665	1.3687179	0.00162125697	0.0110140427	0	100	0	0	3
1370	192	0	2.63461538	1.36708227	1.36781833	1.36708227	1.36864653	0.00156425675	0.0110140427	0	100	0	0	3
1375	192	0	2.64423077	1.36707325	1.36778807	1.36707325	1.36859285	0.00151959911	0.0110140427	0	100	0	0	3
1380	192	0	2.65384615	1.36706319	1.36775866	1.36706319	1.36856633	0.00150313908	0.0110140427	0	100	0	0	3
1385	193	0	2.66346154	1.3670506	1.36772951	1.3670506	1.36853981	0.00148920436	0.0110140427	0	100	0	0	3
1390	193	0	2.67307692	1.36702545	1.36770039	1.36702545	1.36851453	0.00148908645	0.0110140427	0	100	0	0	3
1395	194	0	2.68269231	1.36699568	1.36767118	1.36699568	1.36849029	0.00149460962	0.0110140427	0	100	0	0	3
1400	194	0	2.69230769	1.36695685	1.36764169	1.36695685	1.36845463	0.00149778054	0.0110140427	0	100	0	0	3
1405	195	0	2.70192308	1.36689749	1.36761174	1.36689749	1.36841839	0.00152089821	0.0110140427	0	100	0	0	3
1410	195	0	2.71153846	1.36684284	1.36758144	1.36684284	1.36838032	0.00153748788	0.0110140427	0	100	0	0	3
1415	196	0	2.72115385	1.36681479	1.36755134	1.36681479	1.36831343	0.0014986356	0.0110140427	0	100	0	0	3
1420	196	0	2.73076923	1.36680531	1.36752233	1.36680531	1.3682483	0.00144298321	0.0110140427	0	100	0	0	3
