Iteration	CPUTime	PhysTime	Travels	Value	AvValue	MinValue	MaxValue	Delta	Criteria	PrevAvRefValue	Progress	CriteriaType	CriteriaVarType	CriteriaPercentage
1	1	0	0.00192307692	-2.70387928	-2.70387928	-2.70387928	-2.70387928	0	0	0	0	0	0	3
5	2	0	0.00961538462	-3.3068859	-3.00538259	-3.3068859	-2.70387928	0.301503311	0	0	0	0	0	3
10	3	0	0.0192307692	-1.55672572	-2.52249696	-3.3068859	-1.55672572	0.482885624	0	0	0	0	0	3
15	3	0	0.0288461538	-0.370958193	-1.98461227	-3.3068859	-0.370958193	1.02077032	0	0	0	0	0	3
20	4	0	0.0384615385	-0.17831313	-1.62335244	-3.3068859	-0.17831313	1.38203014	0	0	0	0	0	3
25	5	0	0.0480769231	-0.0139612875	-1.35512058	-3.3068859	-0.0139612875	1.650262	0	0	0	0	0	3
30	6	0	0.0576923077	0.394837711	-1.10512654	-3.3068859	0.394837711	1.90025605	0	0	0	0	0	3
35	7	0	0.0673076923	0.779525645	-0.869545019	-3.3068859	0.779525645	2.13583757	0	0	0	0	0	3
40	8	0	0.0769230769	0.920911906	-0.67060536	-3.3068859	0.920911906	2.33477723	0	0	0	0	0	3
45	8	0	0.0865384615	1.21519396	-0.482025428	-3.3068859	1.21519396	2.52335716	0	0	0	0	0	3
50	9	0	0.0961538462	1.77383777	-0.276946956	-3.3068859	1.77383777	2.72843563	0	0	0	0	0	3
55	10	0	0.105769231	2.4833184	-0.0469248428	-3.3068859	2.4833184	2.95845775	0	0	0	0	0	3
60	11	0	0.115384615	2.6185588	0.15811236	-3.3068859	2.6185588	3.16349495	0	0	0	0	0	3
65	12	0	0.125	2.92378039	0.355660077	-3.3068859	2.92378039	3.36104267	0	0	0	0	0	3
70	12	0	0.134615385	3.31380047	0.552869437	-3.3068859	3.31380047	3.55825203	0	0	0	0	0	3
75	13	0	0.144230769	3.62446887	0.744844401	-3.3068859	3.62446887	3.75022699	0	0	0	0	0	3
80	14	0	0.153846154	3.71525869	0.919574654	-3.3068859	3.71525869	3.92495724	0	0	0	0	0	3
85	15	0	0.163461538	3.8044207	1.07984388	-3.3068859	3.8044207	4.08522647	0	0	0	0	0	3
90	15	0	0.173076923	3.78340295	1.22213646	-3.3068859	3.8044207	4.22751905	0	0	0	0	0	3
95	16	0	0.182692308	3.81780763	1.35192002	-3.3068859	3.81780763	4.35730261	0	0	0	0	0	3
100	17	0	0.192307692	3.75421121	1.46631484	-3.3068859	3.81780763	4.47169743	0	0	0	0	0	3
105	18	0	0.201923077	3.54948922	1.56100458	-3.3068859	3.81780763	4.56638717	0	0	0	0	0	3
110	19	0	0.211538462	3.31571309	1.63729626	-3.3068859	3.81780763	4.64267885	0	0	0	0	0	3
115	19	0	0.221153846	3.13504636	1.69970251	-3.3068859	3.81780763	4.7050851	0	0	0	0	0	3
120	20	0	0.230769231	3.05650836	1.75397474	-3.3068859	3.81780763	4.75935733	0	0	0	0	0	3
125	21	0	0.240384615	3.04802515	1.80374591	-3.3068859	3.81780763	4.8091285	0	0	0	0	0	3
130	22	0	0.25	3.13082131	1.85289685	-3.3068859	3.81780763	4.85827944	0	0	0	0	0	3
135	22	0	0.259615385	3.39921954	1.90812267	-3.3068859	3.81780763	4.91350525	0	0	0	0	0	3
140	23	0	0.269230769	3.67753706	1.96913695	-3.3068859	3.81780763	4.97451954	0	0	0	0	0	3
145	24	0	0.278846154	3.68424765	2.02630731	-3.3068859	3.81780763	5.0316899	0	0	0	0	0	3
150	25	0	0.288461538	3.76151749	2.08228183	-3.3068859	3.81780763	5.08766442	0	0	0	0	0	3
155	26	0	0.298076923	3.81232718	2.13634575	-3.3068859	3.81780763	5.14172834	0	0	0	0	0	3
160	27	0	0.307692308	3.93250316	2.19077476	-3.3068859	3.93250316	5.19615735	0	0	0	0	0	3
165	27	0	0.317307692	3.97410559	2.24322567	-3.3068859	3.97410559	5.24860826	0	0	0	0	0	3
170	28	0	0.326923077	3.97207873	2.29262147	-3.3068859	3.97410559	5.29800406	0	0	0	0	0	3
175	29	0	0.336538462	3.96417355	2.33905347	-3.3068859	3.97410559	5.34443606	0	0	0	0	0	3
180	30	0	0.346153846	3.84302652	2.37970139	-3.3068859	3.97410559	5.38508398	0	0	0	0	0	3
185	31	0	0.355769231	3.76040325	2.41603565	-3.3068859	3.97410559	5.42141824	0	0	0	0	0	3
190	32	0	0.365384615	3.64260317	2.4474861	-3.3068859	3.97410559	5.45286869	0	0	0	0	0	3
195	32	0	0.375	3.45279058	2.47261871	-3.3068859	3.97410559	5.4780013	0	0	0	0	0	3
200	33	0	0.384615385	3.27806396	2.49226372	-3.3068859	3.97410559	5.49764631	0	0	0	0	0	3
205	34	0	0.394230769	3.23552773	2.50996048	-3.3068859	3.97410559	5.51534307	0	0	0	0	0	3
210	35	0	0.403846154	3.15714664	2.52501132	-3.3068859	3.97410559	5.53039391	0	0	0	0	0	3
215	36	0	0.413461538	3.06043463	2.53718003	-3.3068859	3.97410559	5.54256262	0	0	0	0	0	3
220	37	0	0.423076923	3.04258804	2.54841132	-3.3068859	3.97410559	5.55379391	0	0	0	0	0	3
225	38	0	0.432692308	2.97095828	2.55759713	-3.3068859	3.97410559	5.56297972	0	0	0	0	0	3
230	38	0	0.442307692	2.91636601	2.56523051	-3.3068859	3.97410559	5.5706131	0	0	0	0	0	3
235	39	0	0.451923077	2.82392233	2.57061992	-3.3068859	3.97410559	5.57600251	0	0	0	0	0	3
240	40	0	0.461538462	2.85578952	2.57643971	-3.3068859	3.97410559	5.5818223	0	0	0	0	0	3
245	41	0	0.471153846	2.8629136	2.58216919	-3.3068859	3.97410559	5.58755177	0	0	0	0	0	3
250	42	0	0.480769231	2.87111382	2.58783477	-3.3068859	3.97410559	5.59321736	0	0	0	0	0	3
255	43	0	0.490384615	2.85760218	2.5930226	-3.3068859	3.97410559	5.59840519	0	0	0	0	0	3
260	44	0	0.5	2.80655977	2.59705161	-3.3068859	3.97410559	5.60243419	0	0	0	0	0	3
265	45	0	0.509615385	2.81884568	2.70125396	-3.3068859	3.97410559	5.70663655	0	0	0	0	0	3
270	46	0	0.519230769	2.75934505	2.89979647	-0.370958193	3.97410559	4.34506378	0	0	0	0	0	3
275	46	0	0.528846154	2.77980639	2.9603881	-0.17831313	3.97410559	4.15241872	0	0	0	0	0	3
280	47	0	0.538461538	2.78878902	3.01744776	-0.0139612875	3.97410559	3.98806687	0	0	0	0	0	3
285	48	0	0.548076923	2.74246565	3.07045597	0.394837711	3.97410559	3.57926787	0	0	0	0	0	3
290	49	0	0.557692308	2.7005129	3.11479588	0.779525645	3.97410559	3.19457994	0	0	0	0	0	3
295	50	0	0.567307692	2.66944439	3.15114047	0.920911906	3.97410559	3.05319368	0	0	0	0	0	3
300	50	0	0.576923077	2.63923978	3.14148196	0.920911906	3.97410559	3.05319368	0	0	0	0	0	3
305	52	0	0.586538462	2.54418894	3.20974283	1.77383777	3.97410559	2.20026782	0	0	0	0	0	3
310	53	0	0.596153846	2.52497113	3.2241877	2.4833184	3.97410559	1.49078719	0	0	0	0	0	3
315	53	0	0.605769231	2.47903493	3.21012822	2.47903493	3.97410559	1.49507065	0	0	0	0	0	3
320	54	0	0.615384615	2.44828241	3.22083078	2.44828241	3.97410559	1.52582317	0	0	0	0	0	3
325	55	0	0.625	2.41772146	3.21109888	2.41772146	3.97410559	1.55638412	0	0	0	0	0	3
330	56	0	0.634615385	2.38507818	3.19323884	2.38507818	3.97410559	1.5890274	0	0	0	0	0	3
335	56	0	0.644230769	2.36875647	3.16909052	2.36875647	3.97410559	1.60534911	0	0	0	0	0	3
340	57	0	0.653846154	2.34277836	3.14269667	2.34277836	3.97410559	1.63132723	0	0	0	0	0	3
345	58	0	0.663461538	2.33508233	3.11444016	2.33508233	3.97410559	1.63902325	0	0	0	0	0	3
350	59	0	0.673076923	2.3329737	3.08654729	2.3329737	3.97410559	1.64113189	0	0	0	0	0	3
355	59	0	0.682692308	2.31601473	3.05766666	2.31601473	3.97410559	1.65809086	0	0	0	0	0	3
360	60	0	0.692307692	2.23823588	3.02851329	2.23823588	3.97410559	1.66318312	0	0	0	0	0	3
365	61	0	0.701923077	2.21487113	3.01316155	2.21487113	3.97410559	1.66318312	0	0	0	0	0	3
370	62	0	0.711538462	2.18752796	2.98115169	2.18752796	3.97410559	1.52448519	0	0	0	0	0	3
375	63	0	0.721153846	2.16882785	2.96257056	2.16882785	3.97410559	1.47021296	0	0	0	0	0	3
380	63	0	0.730769231	2.16169921	2.94745978	2.16169921	3.97410559	1.47021296	0	0	0	0	0	3
385	64	0	0.740384615	2.14077376	2.92791555	2.14077376	3.97410559	1.37129085	0	0	0	0	0	3
390	65	0	0.75	2.08901691	2.90788085	2.08901691	3.97410559	1.31606504	0	0	0	0	0	3
395	66	0	0.759615385	2.05222802	2.89173646	2.05222802	3.97410559	1.31606504	0	0	0	0	0	3
400	66	0	0.769230769	2.02931318	2.85028055	2.02931318	3.97410559	1.19788039	0	0	0	0	0	3
405	67	0	0.778846154	2.01320819	2.81814518	2.01320819	3.97410559	1.14190587	0	0	0	0	0	3
410	68	0	0.788461538	1.98714442	2.78402262	1.98714442	3.97410559	1.08784195	0	0	0	0	0	3
415	69	0	0.798076923	1.97085309	2.74860966	1.97085309	3.97410559	1.03341294	0	0	0	0	0	3
420	70	0	0.807692308	1.96036154	2.71068386	1.96036154	3.97410559	0.980962033	0	0	0	0	0	3
425	71	0	0.817307692	1.95802107	2.671913	1.95802107	3.97207873	0.931566231	0	0	0	0	0	3
430	71	0	0.826923077	1.94310291	2.65816187	1.94310291	3.97207873	0.931566231	0	0	0	0	0	3
435	72	0	0.836538462	1.93005041	2.59377648	1.93005041	3.84302652	0.844486309	0	0	0	0	0	3
440	73	0	0.846153846	1.92803985	2.55694982	1.92803985	3.76040325	0.808152049	0	0	0	0	0	3
445	73	0	0.855769231	1.92316334	2.54499158	1.92316334	3.76040325	0.808152049	0	0	0	0	0	3
450	74	0	0.865384615	1.9353637	2.48878675	1.92316334	3.45279058	0.751568988	0	0	0	0	0	3
455	75	0	0.875	1.94873622	2.45986263	1.92316334	3.27806396	0.764325074	0	0	0	0	0	3
460	76	0	0.884615385	1.96079341	2.45044623	1.92316334	3.27806396	0.773741474	0	0	0	0	0	3
465	77	0	0.894230769	1.97903059	2.4103671	1.92316334	3.15714664	0.813820606	0	0	0	0	0	3
470	77	0	0.903846154	1.99858831	2.38808713	1.92316334	3.06043463	0.836100574	0	0	0	0	0	3
475	78	0	0.913461538	1.99479899	2.36759413	1.92316334	3.04258804	0.856593568	0	0	0	0	0	3
480	79	0	0.923076923	1.97847099	2.34713035	1.92316334	2.97095828	0.877057357	0	0	0	0	0	3
485	80	0	0.932692308	1.98282969	2.32812787	1.92316334	2.91636601	0.89605983	0	0	0	0	0	3
490	81	0	0.942307692	2.00570177	2.3106151	1.92316334	2.87111382	0.913572603	0	0	0	0	0	3
495	81	0	0.951923077	2.03386224	2.30539335	1.92316334	2.87111382	0.918794355	0	0	0	0	0	3
500	82	0	0.961538462	2.04054242	2.27974381	1.92316334	2.87111382	0.944443896	0	0	0	0	0	3
505	83	0	0.971153846	2.03549565	2.26383192	1.92316334	2.87111382	0.947950473	0	0	0	0	0	3
510	84	0	0.980769231	2.02882066	2.25939775	1.92316334	2.87111382	0.947950473	0	0	0	0	0	3
515	85	0	0.990384615	2.04370233	2.23198206	1.92316334	2.81884568	0.895682333	0	0	0	0	0	3
520	85	0	1	2.05412265	2.21751211	1.92316334	2.81884568	0.895682333	0.747990817	0	83.5	0	0	3
525	86	0	1.00961538	2.04942327	2.20271553	1.92316334	2.78878902	0.865625672	0.747990817	0	86.4	0	0	3
530	87	0	1.01923077	2.05006552	2.19983534	1.92316334	2.78878902	0.865625672	0.747990817	0	86.4	0	0	3
535	88	0	1.02884615	2.07125092	2.18685243	1.92316334	2.78878902	0.865625672	0.747990817	0	86.4	0	0	3
540	88	0	1.03846154	2.06379898	2.16150735	1.92316334	2.74246565	0.819302301	0.747990817	0	91.2	0	0	3
545	89	0	1.04807692	2.07433944	2.14865877	1.92316334	2.7005129	0.777349554	0.747990817	0	96.2	0	0	3
550	90	0	1.05769231	2.06004375	2.13634206	1.92316334	2.66944439	0.746281043	0.747990817	0	100	0	0	3
555	91	0	1.06730769	2.07378371	2.12488705	1.92316334	2.63923978	0.71607644	0.747990817	0	100	0	0	3
560	91	0	1.07692308	2.05377819	2.11362817	1.92316334	2.54418894	0.621025598	0.747990817	0	100	0	0	3
565	92	0	1.08653846	2.07561797	2.112911	1.92316334	2.54418894	0.621025598	0.747990817	0	100	0	0	3
570	93	0	1.09615385	2.06104117	2.09569546	1.92316334	2.47903493	0.555871591	0.747990817	0	100	0	0	3
575	94	0	1.10576923	2.06996067	2.08782865	1.92316334	2.44828241	0.525119069	0.747990817	0	100	0	0	3
580	94	0	1.11538462	2.08214215	2.08078749	1.92316334	2.41772146	0.49455812	0.747990817	0	100	0	0	3
585	95	0	1.125	2.07956194	2.07428442	1.92316334	2.38507818	0.461914837	0.747990817	0	100	0	0	3
590	96	0	1.13461538	2.05933427	2.06802011	1.92316334	2.36875647	0.445593129	0.747990817	0	100	0	0	3
595	97	0	1.14423077	2.04812889	2.06764481	1.92316334	2.36875647	0.445593129	0.747990817	0	100	0	0	3
600	98	0	1.15384615	2.05505606	2.06172593	1.92316334	2.34277836	0.419615014	0.747990817	0	100	0	0	3
605	99	0	1.16346154	2.05128439	2.05086342	1.92316334	2.3329737	0.409810354	0.747990817	0	100	0	0	3
610	99	0	1.17307692	2.05651482	2.04554691	1.92316334	2.31601473	0.392851386	0.747990817	0	100	0	0	3
615	100	0	1.18269231	2.04661301	2.04036611	1.92316334	2.23823588	0.31507254	0.747990817	0	100	0	0	3
620	101	0	1.19230769	2.04919346	2.03673067	1.92316334	2.21487113	0.291707785	0.747990817	0	100	0	0	3
625	102	0	1.20192308	2.04889263	2.03353878	1.92316334	2.18752796	0.264364617	0.747990817	0	100	0	0	3
630	103	0	1.21153846	2.04985317	2.0338466	1.92316334	2.18752796	0.264364617	0.747990817	0	100	0	0	3
635	104	0	1.22115385	2.04266571	2.02846499	1.92316334	2.16169921	0.238535862	0.747990817	0	100	0	0	3
640	104	0	1.23076923	2.04699078	2.02625906	1.92316334	2.14077376	0.217610416	0.747990817	0	100	0	0	3
645	105	0	1.24038462	2.03535032	2.02423169	1.92316334	2.08901691	0.165853562	0.747990817	0	100	0	0	3
650	106	0	1.25	2.03320415	2.02315837	1.92316334	2.08214215	0.158978803	0.747990817	0	100	0	0	3
655	107	0	1.25961538	2.03503332	2.0228277	1.92316334	2.08214215	0.158978803	0.747990817	0	100	0	0	3
660	108	0	1.26923077	2.03262436	2.02301254	1.92316334	2.08214215	0.158978803	0.747990817	0	100	0	0	3
665	109	0	1.27884615	2.03250651	2.02307279	1.92316334	2.08214215	0.158978803	0.747990817	0	100	0	0	3
670	110	0	1.28846154	2.03267897	2.02413816	1.92316334	2.08214215	0.158978803	0.747990817	0	100	0	0	3
675	110	0	1.29807692	2.03449776	2.0253621	1.92316334	2.08214215	0.158978803	0.747990817	0	100	0	0	3
680	111	0	1.30769231	2.0304652	2.02671024	1.92316334	2.08214215	0.158978803	0.747990817	0	100	0	0	3
685	112	0	1.31730769	2.0287624	2.02807065	1.92316334	2.08214215	0.158978803	0.747990817	0	100	0	0	3
690	113	0	1.32692308	2.02971865	2.02973634	1.92316334	2.08214215	0.158978803	0.747990817	0	100	0	0	3
695	114	0	1.33653846	2.03078987	2.02975622	1.92316334	2.08214215	0.158978803	0.747990817	0	100	0	0	3
700	114	0	1.34615385	2.03342116	2.0337002	1.92316334	2.08214215	0.158978803	0.747990817	0	100	0	0	3
705	115	0	1.35576923	2.02737611	2.03570429	1.9353637	2.08214215	0.146778446	0.747990817	0	100	0	0	3
710	116	0	1.36538462	2.02634065	2.03745385	1.94873622	2.08214215	0.133405924	0.747990817	0	100	0	0	3
715	117	0	1.375	2.03080512	2.0390321	1.96079341	2.08214215	0.12134874	0.747990817	0	100	0	0	3
720	118	0	1.38461538	2.04853321	2.0407194	1.97847099	2.08214215	0.103671155	0.747990817	0	100	0	0	3
725	119	0	1.39423077	2.05579413	2.04100383	1.97847099	2.08214215	0.103671155	0.747990817	0	100	0	0	3
730	119	0	1.40384615	2.04654244	2.04227764	1.97847099	2.08214215	0.103671155	0.747990817	0	100	0	0	3
735	120	0	1.41346154	2.0543406	2.04426285	1.97847099	2.08214215	0.103671155	0.747990817	0	100	0	0	3
740	121	0	1.42307692	2.05630949	2.04575974	1.98282969	2.08214215	0.099312456	0.747990817	0	100	0	0	3
745	122	0	1.43269231	2.06547679	2.04734911	2.00570177	2.08214215	0.0764403733	0.747990817	0	100	0	0	3
750	122	0	1.44230769	2.05861023	2.04836658	2.02634065	2.08214215	0.0558014986	0.747990817	0	100	0	0	3
755	123	0	1.45192308	2.06353709	2.04893725	2.02634065	2.08214215	0.0558014986	0.747990817	0	100	0	0	3
760	124	0	1.46153846	2.05528626	2.04905704	2.02634065	2.08214215	0.0558014986	0.747990817	0	100	0	0	3
765	125	0	1.47115385	2.04683018	2.04943876	2.02634065	2.08214215	0.0558014986	0.747990817	0	100	0	0	3
770	125	0	1.48076923	2.04813711	2.04981023	2.02634065	2.08214215	0.0558014986	0.747990817	0	100	0	0	3
775	126	0	1.49038462	2.0441717	2.04981926	2.02634065	2.08214215	0.0558014986	0.747990817	0	100	0	0	3
780	127	0	1.5	2.04905056	2.04972172	2.02634065	2.08214215	0.0558014986	0.747990817	0	100	0	0	3
785	128	0	1.50961538	2.05026444	2.04973789	2.02634065	2.08214215	0.0558014986	0.747990817	0	100	0	0	3
790	128	0	1.51923077	2.04607113	2.04966108	2.02634065	2.08214215	0.0558014986	0.747990817	0	100	0	0	3
795	129	0	1.52884615	2.03362165	2.04893744	2.02634065	2.08214215	0.0558014986	0.747990817	0	100	0	0	3
800	130	0	1.53846154	2.03509232	2.04838539	2.02634065	2.08214215	0.0558014986	0.747990817	0	100	0	0	3
805	131	0	1.54807692	2.04062543	2.04773704	2.02634065	2.08214215	0.0558014986	0.747990817	0	100	0	0	3
810	132	0	1.55769231	2.03416855	2.04723944	2.02634065	2.08214215	0.0558014986	0.747990817	0	100	0	0	3
815	133	0	1.56730769	2.02928579	2.04638371	2.02634065	2.08214215	0.0558014986	0.747990817	0	100	0	0	3
820	133	0	1.57692308	2.02873214	2.04590206	2.02634065	2.08214215	0.0558014986	0.747990817	0	100	0	0	3
825	134	0	1.58653846	2.03359538	2.04509393	2.02634065	2.08214215	0.0558014986	0.747990817	0	100	0	0	3
830	135	0	1.59615385	2.03709414	2.04463341	2.02634065	2.08214215	0.0558014986	0.747990817	0	100	0	0	3
835	136	0	1.60576923	2.04538344	2.04416077	2.02634065	2.08214215	0.0558014986	0.747990817	0	100	0	0	3
840	137	0	1.61538462	2.03498692	2.04325394	2.02634065	2.07956194	0.0514567215	0.747990817	0	100	0	0	3
845	137	0	1.625	2.03715971	2.04243851	2.02634065	2.06547679	0.0391361367	0.747990817	0	100	0	0	3
850	138	0	1.63461538	2.04274231	2.04211943	2.02634065	2.06547679	0.0391361367	0.747990817	0	100	0	0	3
855	139	0	1.64423077	2.04643612	2.04208688	2.02634065	2.06547679	0.0388982335	0.747990817	0	100	0	0	3
860	140	0	1.65384615	2.04996348	2.04198895	2.02634065	2.06547679	0.0280357264	0.747990817	0	100	0	0	3
865	140	0	1.66346154	2.04117283	2.04179449	2.02634065	2.06547679	0.0269915581	0.747990817	0	100	0	0	3
870	141	0	1.67307692	2.04712734	2.04161397	2.02634065	2.06547679	0.0269915581	0.747990817	0	100	0	0	3
875	142	0	1.68269231	2.05693638	2.04181249	2.02634065	2.06547679	0.0269915581	0.747990817	0	100	0	0	3
880	143	0	1.69230769	2.06146878	2.04204856	2.02634065	2.06547679	0.0269915581	0.747990817	0	100	0	0	3
885	144	0	1.70192308	2.05805232	2.0422247	2.02634065	2.06547679	0.0269915581	0.747990817	0	100	0	0	3
890	144	0	1.71153846	2.06559498	2.04252743	2.02634065	2.06559498	0.0269915581	0.747990817	0	100	0	0	3
895	145	0	1.72115385	2.06840126	2.04302235	2.02634065	2.06840126	0.0269915581	0.747990817	0	100	0	0	3
900	146	0	1.73076923	2.06126493	2.04329685	2.02634065	2.06840126	0.0269915581	0.747990817	0	100	0	0	3
905	147	0	1.74038462	2.06589146	2.04388418	2.02634065	2.06840126	0.0269915581	0.747990817	0	100	0	0	3
910	148	0	1.75	2.05932902	2.04438658	2.02634065	2.06840126	0.0269915581	0.747990817	0	100	0	0	3
915	149	0	1.75961538	2.06462929	2.04495573	2.02634065	2.06840126	0.0268067154	0.747990817	0	100	0	0	3
920	149	0	1.76923077	2.0656261	2.04559038	2.02634065	2.06840126	0.026746464	0.747990817	0	100	0	0	3
925	150	0	1.77884615	2.05759821	2.04607291	2.02634065	2.06840126	0.0256810956	0.747990817	0	100	0	0	3
930	151	0	1.78846154	2.05377672	2.04647864	2.02634065	2.06840126	0.0244571595	0.747990817	0	100	0	0	3
935	151	0	1.79807692	2.0603256	2.04697533	2.02634065	2.06840126	0.0231090122	0.747990817	0	100	0	0	3
940	152	0	1.80769231	2.05902274	2.04752451	2.02634065	2.06840126	0.0217486019	0.747990817	0	100	0	0	3
945	153	0	1.81730769	2.0590749	2.04810745	2.02634065	2.06840126	0.0200829146	0.747990817	0	100	0	0	3
950	153	0	1.82692308	2.0561373	2.0486155	2.02634065	2.06840126	0.0200630367	0.747990817	0	100	0	0	3
955	153	0	1.83653846	2.05662719	2.04911237	2.02634065	2.06840126	0.0161190536	0.747990817	0	100	0	0	3
960	154	0	1.84615385	2.06181323	2.04965837	2.02634065	2.06840126	0.0141149619	0.747990817	0	100	0	0	3
965	154	0	1.85576923	2.06888111	2.05045654	2.02634065	2.06888111	0.013002692	0.747990817	0	100	0	0	3
970	155	0	1.86538462	2.07503023	2.05139288	2.02873214	2.07503023	0.0123607821	0.747990817	0	100	0	0	3
975	155	0	1.875	2.07044613	2.05215521	2.02873214	2.07503023	0.0114358053	0.747990817	0	100	0	0	3
980	156	0	1.88461538	2.07834356	2.05272848	2.02873214	2.07834356	0.0117246525	0.747990817	0	100	0	0	3
985	156	0	1.89423077	2.07850461	2.05316522	2.02873214	2.07850461	0.0115512583	0.747990817	0	100	0	0	3
990	157	0	1.90384615	2.07670187	2.05374521	2.02873214	2.07850461	0.0121312474	0.747990817	0	100	0	0	3
995	157	0	1.91346154	2.0715104	2.0540754	2.02873214	2.07850461	0.0124614358	0.747990817	0	100	0	0	3
1000	157	0	1.92307692	2.0783886	2.0545	2.02873214	2.07850461	0.0128860342	0.747990817	0	100	0	0	3
1005	158	0	1.93269231	2.07914464	2.05476284	2.02873214	2.07914464	0.0131488776	0.747990817	0	100	0	0	3
1010	158	0	1.94230769	2.07761877	2.05512839	2.02873214	2.07914464	0.0135144264	0.747990817	0	100	0	0	3
1015	159	0	1.95192308	2.07664872	2.05538054	2.02873214	2.07914464	0.0137665731	0.747990817	0	100	0	0	3
1020	159	0	1.96153846	2.07293216	2.05571988	2.02873214	2.07914464	0.0141059172	0.747990817	0	100	0	0	3
1025	160	0	1.97115385	2.07739174	2.05630761	2.02873214	2.07914464	0.0146936394	0.747990817	0	100	0	0	3
1030	160	0	1.98076923	2.07830933	2.05688784	2.02873214	2.07914464	0.0152738743	0.747990817	0	100	0	0	3
1035	161	0	1.99038462	2.08063493	2.05758906	2.02873214	2.08063493	0.0159750902	0.747990817	0	100	0	0	3
1040	161	0	2	2.07305949	2.05805077	2.02873214	2.08063493	0.0164368004	0.747990817	0	100	0	0	3
1045	162	0	2.00961538	2.08036757	2.05862967	2.02873214	2.08063493	0.0170157067	0.747990817	0	100	0	0	3
1050	162	0	2.01923077	2.07940691	2.05927075	2.02873214	2.08063493	0.0176567793	0.747990817	0	100	0	0	3
1055	163	0	2.02884615	2.08208456	2.06020272	2.02873214	2.08208456	0.0185887585	0.747990817	0	100	0	0	3
1060	163	0	2.03846154	2.07998067	2.06057589	2.02873214	2.08208456	0.0189619273	0.747990817	0	100	0	0	3
1065	163	0	2.04807692	2.07185715	2.06126957	2.02873214	2.08208456	0.0196556034	0.747990817	0	100	0	0	3
1070	164	0	2.05769231	2.06173256	2.06166782	2.02873214	2.08208456	0.0200538512	0.747990817	0	100	0	0	3
1075	164	0	2.06730769	2.06382052	2.06286078	2.02873214	2.08208456	0.0212468126	0.747990817	0	100	0	0	3
1080	165	0	2.07692308	2.06295993	2.06351901	2.03359538	2.08208456	0.0219050393	0.747990817	0	100	0	0	3
1085	165	0	2.08653846	2.06425749	2.06410866	2.03498692	2.08208456	0.0224946952	0.747990817	0	100	0	0	3
1090	166	0	2.09615385	2.06952362	2.06473231	2.03498692	2.08208456	0.0231183392	0.747990817	0	100	0	0	3
1095	166	0	2.10576923	2.06804319	2.06516807	2.03498692	2.08208456	0.0235541035	0.747990817	0	100	0	0	3
1100	167	0	2.11538462	2.07056105	2.06585219	2.03715971	2.08208456	0.0242382215	0.747990817	0	100	0	0	3
1105	167	0	2.125	2.06870412	2.06645881	2.04117283	2.08208456	0.0248448446	0.747990817	0	100	0	0	3
1110	168	0	2.13461538	2.07303456	2.06704135	2.04117283	2.08208456	0.025427388	0.747990817	0	100	0	0	3
1115	168	0	2.14423077	2.07544075	2.06759914	2.04117283	2.08208456	0.0259851692	0.747990817	0	100	0	0	3
1120	169	0	2.15384615	2.07094392	2.06800261	2.04117283	2.08208456	0.0263886393	0.747990817	0	100	0	0	3
1125	169	0	2.16346154	2.06448148	2.06793617	2.04117283	2.08208456	0.0263886393	0.747990817	0	100	0	0	3
1130	169	0	2.17307692	2.06426674	2.0683719	2.04712734	2.08208456	0.0267579371	0.747990817	0	100	0	0	3
1135	170	0	2.18269231	2.07199487	2.0688411	2.05377672	2.08208456	0.0270286093	0.747990817	0	100	0	0	3
1140	170	0	2.19230769	2.07841084	2.06939585	2.05377672	2.08208456	0.0271711432	0.747990817	0	100	0	0	3
1145	171	0	2.20192308	2.08546783	2.06992307	2.05377672	2.08546783	0.0273956375	0.747990817	0	100	0	0	3
1150	171	0	2.21153846	2.09388894	2.07046718	2.05377672	2.09388894	0.0274448377	0.747990817	0	100	0	0	3
1155	172	0	2.22115385	2.11497423	2.07136282	2.05377672	2.11497423	0.0280659688	0.747990817	0	100	0	0	3
1160	172	0	2.23076923	2.10906749	2.0722821	2.05377672	2.11497423	0.0283979192	0.747990817	0	100	0	0	3
1165	173	0	2.24038462	2.11027162	2.07313556	2.05377672	2.11497423	0.0287489824	0.747990817	0	100	0	0	3
1170	173	0	2.25	2.1035684	2.07398632	2.05377672	2.11497423	0.0290305863	0.747990817	0	100	0	0	3
1175	173	0	2.25961538	2.10018299	2.07467004	2.05377672	2.11497423	0.0290796624	0.747990817	0	100	0	0	3
1180	174	0	2.26923077	2.09455106	2.07522629	2.05377672	2.11497423	0.0291533788	0.747990817	0	100	0	0	3
1185	174	0	2.27884615	2.09975028	2.07603691	2.05377672	2.11497423	0.0295582695	0.747990817	0	100	0	0	3
1190	175	0	2.28846154	2.13638746	2.0771756	2.05377672	2.13638746	0.0306969591	0.747990817	0	100	0	0	3
1195	175	0	2.29807692	2.14718637	2.07893805	2.0561373	2.14718637	0.0319627161	0.747990817	0	100	0	0	3
1200	176	0	2.30769231	2.1407289	2.08045509	2.0561373	2.14718637	0.0329305759	0.747990817	0	100	0	0	3
1205	176	0	2.31730769	2.14310313	2.08248318	2.0561373	2.14718637	0.0338676802	0.747990817	0	100	0	0	3
1210	177	0	2.32692308	2.1437132	2.08416733	2.05662719	2.14718637	0.0350549605	0.747990817	0	100	0	0	3
1215	177	0	2.33653846	2.14456573	2.08585845	2.06173256	2.14718637	0.0362000848	0.747990817	0	100	0	0	3
1220	178	0	2.34615385	2.13677071	2.08729994	2.06173256	2.14718637	0.0368434018	0.747990817	0	100	0	0	3
1225	178	0	2.35576923	2.140837	2.08868371	2.06173256	2.14718637	0.0372908309	0.747990817	0	100	0	0	3
1230	179	0	2.36538462	2.13767386	2.0898884	2.06173256	2.14718637	0.0377331888	0.747990817	0	100	0	0	3
1235	179	0	2.375	2.15248355	2.09146604	2.06173256	2.15248355	0.0387375556	0.747990817	0	100	0	0	3
1240	179	0	2.38461538	2.16145781	2.09306439	2.06173256	2.16145781	0.0398991665	0.747990817	0	100	0	0	3
1245	180	0	2.39423077	2.16867774	2.09479849	2.06173256	2.16867774	0.041053276	0.747990817	0	100	0	0	3
1250	180	0	2.40384615	2.16460967	2.09648902	2.06173256	2.16867774	0.0424136222	0.747990817	0	100	0	0	3
1255	181	0	2.41346154	2.17599038	2.09798905	2.06173256	2.17599038	0.0439136478	0.747990817	0	100	0	0	3
1260	181	0	2.42307692	2.1675037	2.09980024	2.06173256	2.17599038	0.0453002439	0.747990817	0	100	0	0	3
1265	182	0	2.43269231	2.15894635	2.1013202	2.06173256	2.17599038	0.046557358	0.747990817	0	100	0	0	3
1270	182	0	2.44230769	2.15653704	2.10326431	2.06173256	2.17599038	0.0478837746	0.747990817	0	100	0	0	3
1275	183	0	2.45192308	2.15483697	2.10476793	2.06173256	2.17599038	0.0490480507	0.747990817	0	100	0	0	3
1280	183	0	2.46153846	2.15482457	2.10634279	2.06173256	2.17599038	0.0500351825	0.747990817	0	100	0	0	3
1285	184	0	2.47115385	2.16264781	2.10798233	2.06173256	2.17599038	0.0510944874	0.747990817	0	100	0	0	3
1290	184	0	2.48076923	2.17604949	2.10986195	2.06173256	2.17604949	0.0522728901	0.747990817	0	100	0	0	3
1295	185	0	2.49038462	2.18733559	2.11191388	2.06173256	2.18733559	0.0538631156	0.747990817	0	100	0	0	3
1300	185	0	2.5	2.19133512	2.11418841	2.06173256	2.19133512	0.0555587406	0.747990817	0	100	0	0	3
1305	186	0	2.50961538	2.19324086	2.11635905	2.06173256	2.19324086	0.0570883082	0.747990817	0	100	0	0	3
1310	186	0	2.51923077	2.19819957	2.11864353	2.06173256	2.19819957	0.0584408033	0.747990817	0	100	0	0	3
1315	186	0	2.52884615	2.18877703	2.12069531	2.06173256	2.19819957	0.0601194126	0.747990817	0	100	0	0	3
1320	187	0	2.53846154	2.18329462	2.12268211	2.06173256	2.19819957	0.0614125433	0.747990817	0	100	0	0	3
1325	187	0	2.54807692	2.19375135	2.12502623	2.06173256	2.19819957	0.0633584146	0.747990817	0	100	0	0	3
1330	188	0	2.55769231	2.18956565	2.12748456	2.06295993	2.19819957	0.0646237817	0.747990817	0	100	0	0	3
1335	188	0	2.56730769	2.20408461	2.13018195	2.06295993	2.20408461	0.0666629414	0.747990817	0	100	0	0	3
1340	189	0	2.57692308	2.21137908	2.13303616	2.06425749	2.21137908	0.0689275001	0.747990817	0	100	0	0	3
1345	189	0	2.58653846	2.2152998	2.13594082	2.06426674	2.2152998	0.0712085161	0.747990817	0	100	0	0	3
1350	190	0	2.59615385	2.22835445	2.13899526	2.06426674	2.22835445	0.0738271907	0.747990817	0	100	0	0	3
1355	190	0	2.60576923	2.24877504	2.14247087	2.06426674	2.24877504	0.0766186852	0.747990817	0	100	0	0	3
1360	191	0	2.61538462	2.25083724	2.14593772	2.06426674	2.25083724	0.0794789118	0.747990817	0	100	0	0	3
1365	191	0	2.625	2.23897551	2.14921217	2.06426674	2.25083724	0.0821708183	0.747990817	0	100	0	0	3
1370	192	0	2.63461538	2.23758274	2.15237656	2.06426674	2.25083724	0.0847774251	0.747990817	0	100	0	0	3
1375	192	0	2.64423077	2.2327717	2.15540216	2.06426674	2.25083724	0.0874659867	0.747990817	0	100	0	0	3
1380	192	0	2.65384615	2.24511794	2.15875166	2.06426674	2.25083724	0.090815487	0.747990817	0	100	0	0	3
1385	193	0	2.66346154	2.24732627	2.1622679	2.06426674	2.25083724	0.0938959988	0.747990817	0	100	0	0	3
1390	193	0	2.67307692	2.25900809	2.16601293	2.07199487	2.25900809	0.0971718261	0.747990817	0	100	0	0	3
1395	194	0	2.68269231	2.26430097	2.16971112	2.07841084	2.26430097	0.100315275	0.747990817	0	100	0	0	3
1400	194	0	2.69230769	2.26128439	2.17322792	2.08546783	2.26430097	0.103304852	0.747990817	0	100	0	0	3
1405	195	0	2.70192308	2.25675445	2.17652189	2.09388894	2.26430097	0.106054711	0.747990817	0	100	0	0	3
1410	195	0	2.71153846	2.25876893	2.17969266	2.09455106	2.26430097	0.108329846	0.747990817	0	100	0	0	3
1415	196	0	2.72115385	2.23578879	2.18201602	2.09455106	2.26430097	0.109733923	0.747990817	0	100	0	0	3
1420	196	0	2.73076923	2.24156014	2.18456396	2.09455106	2.26430097	0.111428394	0.747990817	0	100	0	0	3
