Iteration	CPUTime	PhysTime	Travels	Value	AvValue	MinValue	MaxValue	Delta	Criteria	PrevAvRefValue	Progress	CriteriaType	CriteriaVarType	CriteriaPercentage
1	1	0	0.00227272727	193.292231	193.292231	193.292231	193.292231	0	0	0	0	0	0	3
5	1	0	0.0113636364	161.038915	177.165573	161.038915	193.292231	16.126658	0	0	0	0	0	3
10	1	0	0.0227272727	153.866648	169.399265	153.866648	193.292231	23.8929664	0	0	0	0	0	3
15	2	0	0.0340909091	150.828096	164.756473	150.828096	193.292231	28.5357586	0	0	0	0	0	3
20	2	0	0.0454545455	149.217263	161.648631	149.217263	193.292231	31.6436005	0	0	0	0	0	3
25	2	0	0.0568181818	144.658452	158.816934	144.658452	193.292231	34.475297	0	0	0	0	0	3
30	2	0	0.0681818182	140.942749	156.263479	140.942749	193.292231	37.0287521	0	0	0	0	0	3
35	3	0	0.0795454545	136.531503	153.796982	136.531503	193.292231	39.4952491	0	0	0	0	0	3
40	3	0	0.0909090909	130.744348	151.235579	130.744348	193.292231	42.0566529	0	0	0	0	0	3
45	3	0	0.102272727	125.058599	148.617881	125.058599	193.292231	44.6743508	0	0	0	0	0	3
50	3	0	0.113636364	121.001555	146.107306	121.001555	193.292231	47.1849259	0	0	0	0	0	3
55	4	0	0.125	118.475793	143.804679	118.475793	193.292231	49.4875519	0	0	0	0	0	3
60	4	0	0.136363636	114.583025	141.55686	114.583025	193.292231	51.7353715	0	0	0	0	0	3
65	4	0	0.147727273	112.025132	139.447451	112.025132	193.292231	53.8447806	0	0	0	0	0	3
70	4	0	0.159090909	109.581706	137.456401	109.581706	193.292231	55.8358303	0	0	0	0	0	3
75	5	0	0.170454545	107.380551	135.57666	107.380551	193.292231	57.7155709	0	0	0	0	0	3
80	5	0	0.181818182	104.844634	133.768894	104.844634	193.292231	59.5233372	0	0	0	0	0	3
85	5	0	0.193181818	102.529738	132.033385	102.529738	193.292231	61.2588459	0	0	0	0	0	3
90	5	0	0.204545455	101.678071	130.435737	101.678071	193.292231	62.856494	0	0	0	0	0	3
95	6	0	0.215909091	100.35444	128.931673	100.35444	193.292231	64.3605589	0	0	0	0	0	3
100	6	0	0.227272727	99.3134947	127.521283	99.3134947	193.292231	65.7709483	0	0	0	0	0	3
105	6	0	0.238636364	97.9347695	126.176442	97.9347695	193.292231	67.1157898	0	0	0	0	0	3
110	7	0	0.25	97.4626449	124.928016	97.4626449	193.292231	68.3642158	0	0	0	0	0	3
115	7	0	0.261363636	96.8055089	123.756245	96.8055089	193.292231	69.5359869	0	0	0	0	0	3
120	7	0	0.272727273	96.0846663	122.649381	96.0846663	193.292231	70.64285	0	0	0	0	0	3
125	7	0	0.284090909	94.8278297	121.579322	94.8278297	193.292231	71.7129097	0	0	0	0	0	3
130	8	0	0.295454545	94.448842	120.574489	94.448842	193.292231	72.7177423	0	0	0	0	0	3
135	8	0	0.306818182	93.2850789	119.599867	93.2850789	193.292231	73.6923641	0	0	0	0	0	3
140	8	0	0.318181818	92.3557233	118.660414	92.3557233	193.292231	74.6318173	0	0	0	0	0	3
145	8	0	0.329545455	91.4488898	117.753363	91.4488898	193.292231	75.5388681	0	0	0	0	0	3
150	9	0	0.340909091	91.0298378	116.891314	91.0298378	193.292231	76.4009173	0	0	0	0	0	3
155	9	0	0.352272727	90.6132635	116.070125	90.6132635	193.292231	77.2221064	0	0	0	0	0	3
160	9	0	0.363636364	90.5154684	115.295741	90.5154684	193.292231	77.9964899	0	0	0	0	0	3
165	10	0	0.375	90.5048691	114.566598	90.5048691	193.292231	78.7256332	0	0	0	0	0	3
170	10	0	0.386363636	90.2541204	113.871956	90.2541204	193.292231	79.4202755	0	0	0	0	0	3
175	10	0	0.397727273	90.1736748	113.21367	90.1736748	193.292231	80.078561	0	0	0	0	0	3
180	10	0	0.409090909	90.5397665	112.600862	90.1736748	193.292231	80.6913693	0	0	0	0	0	3
185	11	0	0.420454545	90.7557851	112.025992	90.1736748	193.292231	81.2662397	0	0	0	0	0	3
190	11	0	0.431818182	90.7374635	111.480132	90.1736748	193.292231	81.8120994	0	0	0	0	0	3
195	11	0	0.443181818	91.6940165	110.985479	90.1736748	193.292231	82.3067523	0	0	0	0	0	3
200	11	0	0.454545455	91.5041347	110.510324	90.1736748	193.292231	82.781907	0	0	0	0	0	3
205	12	0	0.465909091	90.2837914	110.02874	90.1736748	193.292231	83.2634912	0	0	0	0	0	3
210	12	0	0.477272727	90.0378052	109.563835	90.0378052	193.292231	83.7283966	0	0	0	0	0	3
215	12	0	0.488636364	89.8274958	109.115282	89.8274958	193.292231	84.1769498	0	0	0	0	0	3
220	12	0	0.5	89.7775567	108.685554	89.7775567	193.292231	84.606677	0	0	0	0	0	3
225	13	0	0.511363636	89.7994474	105.143597	89.7775567	153.866648	64.0890915	0	0	0	0	0	3
230	13	0	0.522727273	89.6707983	103.6846	89.6707983	150.828096	61.0718728	0	0	0	0	0	3
235	13	0	0.534090909	89.6320562	102.293781	89.6320562	149.217263	59.35485	0	0	0	0	0	3
240	13	0	0.545454545	89.9344845	102.01913	89.6320562	149.217263	59.585207	0	0	0	0	0	3
245	14	0	0.556818182	89.9075394	100.701136	89.6320562	144.658452	55.0263961	0	0	0	0	0	3
250	14	0	0.568181818	89.8942136	98.5419121	89.6320562	136.531503	46.8994469	0	0	0	0	0	3
255	14	0	0.579545455	89.7955961	97.4797324	89.6320562	130.744348	41.1122922	0	0	0	0	0	3
260	14	0	0.590909091	89.8324938	96.5499175	89.6320562	125.058599	35.426543	0	0	0	0	0	3
265	15	0	0.602272727	89.6970797	95.7462466	89.6320562	121.001555	31.3694988	0	0	0	0	0	3
270	15	0	0.613636364	89.2568294	95.0247756	89.2568294	118.475793	29.2189636	0	0	0	0	0	3
275	15	0	0.625	89.1045773	94.3572479	89.1045773	114.583025	25.4784478	0	0	0	0	0	3
280	15	0	0.636363636	88.9410082	93.7744748	88.9410082	112.025132	23.0841239	0	0	0	0	0	3
285	16	0	0.647727273	88.8481495	93.2477252	88.8481495	109.581706	20.7335561	0	0	0	0	0	3
290	16	0	0.659090909	88.8003007	92.7754206	88.8003007	107.380551	18.5802502	0	0	0	0	0	3
295	16	0	0.670454545	88.6695115	92.3501697	88.6695115	104.844634	16.1751221	0	0	0	0	0	3
300	16	0	0.681818182	88.6635159	92.268244	88.6635159	104.844634	16.1811178	0	0	0	0	0	3
305	17	0	0.693181818	88.544778	91.664577	88.544778	101.678071	13.1332935	0	0	0	0	0	3
310	17	0	0.704545455	88.5021809	91.365125	88.5021809	100.35444	11.8522592	0	0	0	0	0	3
315	17	0	0.715909091	88.468221	91.0949836	88.468221	99.3134947	10.8452737	0	0	0	0	0	3
320	17	0	0.727272727	88.3594369	90.8460278	88.3594369	97.9347695	9.57533255	0	0	0	0	0	3
325	18	0	0.738636364	88.4080028	90.6295103	88.3594369	97.4626449	9.10320802	0	0	0	0	0	3
330	18	0	0.75	88.3555258	90.4225303	88.3555258	96.8055089	8.44998315	0	0	0	0	0	3
335	18	0	0.761363636	88.3379516	90.2300859	88.3379516	96.0846663	7.74671466	0	0	0	0	0	3
340	18	0	0.772727273	88.3103046	90.0533958	88.3103046	94.8278297	6.51752508	0	0	0	0	0	3
345	19	0	0.784090909	88.2423054	90.0131494	88.2423054	94.8278297	6.58552426	0	0	0	0	0	3
350	19	0	0.795454545	88.2171851	89.8662462	88.2171851	94.448842	6.23165687	0	0	0	0	0	3
355	19	0	0.806818182	88.1929533	89.7272264	88.1929533	93.2850789	5.09212565	0	0	0	0	0	3
360	20	0	0.818181818	88.1482317	89.5507413	88.1482317	91.6940165	3.54578484	0	0	0	0	0	3
365	20	0	0.829545455	87.98421	89.4719986	87.98421	91.6940165	3.70980652	0	0	0	0	0	3
370	20	0	0.840909091	88.0269123	89.4037503	87.98421	91.6940165	3.70980652	0	0	0	0	0	3
375	20	0	0.852272727	87.8963369	89.342002	87.8963369	91.6940165	3.79767958	0	0	0	0	0	3
380	21	0	0.863636364	87.8828518	89.2821698	87.8828518	91.6940165	3.81116477	0	0	0	0	0	3
385	21	0	0.875	87.8810361	89.2225372	87.8810361	91.6940165	3.81298041	0	0	0	0	0	3
390	21	0	0.886363636	88.0256175	89.1718894	87.8810361	91.6940165	3.81298041	0	0	0	0	0	3
395	21	0	0.897727273	87.9250018	89.1207832	87.8810361	91.6940165	3.81298041	0	0	0	0	0	3
400	22	0	0.909090909	87.9697838	89.0952054	87.8810361	91.6940165	3.81298041	0	0	0	0	0	3
405	22	0	0.920454545	87.7301794	89.0327702	87.7301794	91.6940165	3.96383712	0	0	0	0	0	3
410	22	0	0.931818182	87.7854314	88.9667623	87.7301794	91.6940165	3.96383712	0	0	0	0	0	3
415	22	0	0.943181818	88.2478419	88.8481969	87.7301794	91.5041347	3.77395526	0	0	0	0	0	3
420	23	0	0.954545455	88.0495495	88.7696836	87.7301794	90.2837914	2.55361196	0	0	0	0	0	3
425	23	0	0.965909091	87.9326037	88.7162476	87.7301794	90.0378052	2.30762578	0	0	0	0	0	3
430	23	0	0.977272727	87.8092114	88.6655977	87.7301794	89.9344845	2.20430515	0	0	0	0	0	3
435	23	0	0.988636364	87.6548974	88.6162205	87.6548974	89.9344845	2.27958711	0	0	0	0	0	3
440	24	0	1	87.8048283	88.5713857	87.6548974	89.9344845	2.27958711	11.0076027	0	100	0	0	3
445	24	0	1.01136364	87.7010198	88.5236942	87.6548974	89.9344845	2.27958711	11.0076027	0	100	0	0	3
450	24	0	1.02272727	87.708342	88.4790929	87.6548974	89.9344845	2.27958711	11.0076027	0	100	0	0	3
455	24	0	1.03409091	87.6687191	88.4344716	87.6548974	89.9344845	2.27958711	11.0076027	0	100	0	0	3
460	25	0	1.04545455	87.5844342	88.3810614	87.5844342	89.9075394	2.3231052	11.0076027	0	100	0	0	3
465	25	0	1.05681818	87.3483774	88.3228986	87.3483774	89.8942136	2.54583619	11.0076027	0	100	0	0	3
470	25	0	1.06818182	86.8175526	88.2894465	86.8175526	89.8942136	3.07666102	11.0076027	0	100	0	0	3
475	25	0	1.07954545	87.1467331	88.1927731	86.8175526	89.8324938	3.01494122	11.0076027	0	100	0	0	3
480	26	0	1.09090909	87.0855542	88.1681682	86.8175526	89.8324938	3.01494122	11.0076027	0	100	0	0	3
485	26	0	1.10227273	87.4313819	88.0788495	86.8175526	89.2568294	2.43927683	11.0076027	0	100	0	0	3
490	26	0	1.11363636	87.396442	88.0636849	86.8175526	89.2568294	2.43927683	11.0076027	0	100	0	0	3
495	26	0	1.125	86.9877034	87.9884572	86.8175526	88.9410082	2.12345559	11.0076027	0	100	0	0	3
500	27	0	1.13636364	87.2276814	87.9495179	86.8175526	88.8481495	2.03059692	11.0076027	0	100	0	0	3
505	27	0	1.14772727	86.6880823	87.9004255	86.6880823	88.8003007	2.11221835	11.0076027	0	100	0	0	3
510	27	0	1.15909091	87.0688368	87.861074	86.6880823	88.6695115	1.9814292	11.0076027	0	100	0	0	3
515	27	0	1.17045455	87.0617387	87.8245338	86.6880823	88.6635159	1.97543352	11.0076027	0	100	0	0	3
520	27	0	1.18181818	87.0637733	87.788176	86.6880823	88.544778	1.85669569	11.0076027	0	100	0	0	3
525	28	0	1.19318182	86.9676494	87.769942	86.6880823	88.544778	1.85669569	11.0076027	0	100	0	0	3
530	28	0	1.20454545	87.0693731	87.7197683	86.6880823	88.468221	1.7801387	11.0076027	0	100	0	0	3
535	28	0	1.21590909	87.2087413	87.7084122	86.6880823	88.468221	1.7801387	11.0076027	0	100	0	0	3
540	28	0	1.22727273	86.3732254	87.6460026	86.3732254	88.4080028	2.03477737	11.0076027	0	100	0	0	3
545	28	0	1.23863636	86.9772332	87.6311411	86.3732254	88.4080028	2.03477737	11.0076027	0	100	0	0	3
550	29	0	1.25	86.8716935	87.5797617	86.3732254	88.3379516	1.9647262	11.0076027	0	100	0	0	3
555	29	0	1.26136364	86.6590545	87.5416049	86.3732254	88.3103046	1.9370792	11.0076027	0	100	0	0	3
560	29	0	1.27272727	86.7941755	87.5071474	86.3732254	88.2478419	1.87461646	11.0076027	0	100	0	0	3
565	29	0	1.28409091	86.7981015	87.4743246	86.3732254	88.2478419	1.87461646	11.0076027	0	100	0	0	3
570	30	0	1.29545455	86.3362667	87.4315765	86.3362667	88.2478419	1.91157517	11.0076027	0	100	0	0	3
575	30	0	1.30681818	86.1129463	87.3843036	86.1129463	88.2478419	2.13489558	11.0076027	0	100	0	0	3
580	30	0	1.31818182	86.6478386	87.3679377	86.1129463	88.2478419	2.13489558	11.0076027	0	100	0	0	3
585	30	0	1.32954545	86.6166137	87.319122	86.1129463	88.2478419	2.08462828	11.0076027	0	100	0	0	3
590	30	0	1.34090909	86.7548993	87.3065837	86.1129463	88.2478419	2.09716656	11.0076027	0	100	0	0	3
595	31	0	1.35227273	86.6999577	87.2630222	86.1129463	88.2478419	2.01914757	11.0076027	0	100	0	0	3
600	31	0	1.36363636	86.6973439	87.2504516	86.1129463	88.2478419	2.0317182	11.0076027	0	100	0	0	3
605	31	0	1.375	86.2182061	87.1982872	86.1129463	88.2478419	1.97360216	11.0076027	0	100	0	0	3
610	31	0	1.38636364	86.2487447	87.1579038	86.1129463	88.2478419	1.96287943	11.0076027	0	100	0	0	3
615	32	0	1.39772727	86.6549504	87.129039	86.1129463	88.2478419	1.96616647	11.0076027	0	100	0	0	3
620	32	0	1.40909091	86.6385674	87.098784	86.1129463	88.2478419	1.93398612	11.0076027	0	100	0	0	3
625	32	0	1.42045455	86.4856763	87.0704999	86.1129463	88.2478419	1.89626243	11.0076027	0	100	0	0	3
630	33	0	1.43181818	86.7802136	87.047654	86.1129463	88.2478419	1.80054292	11.0076027	0	100	0	0	3
635	33	0	1.44318182	86.6969752	87.0398612	86.1129463	88.2478419	1.80833579	11.0076027	0	100	0	0	3
640	33	0	1.45454545	86.3280131	86.9732812	86.1129463	87.9326037	1.74296634	11.0076027	0	100	0	0	3
645	34	0	1.46590909	86.1103044	86.954104	86.1103044	87.9326037	1.7621436	11.0076027	0	100	0	0	3
650	34	0	1.47727273	86.6696136	86.9059654	86.1103044	87.8048283	1.69452386	11.0076027	0	100	0	0	3
