Iteration	CPUTime	PhysTime	Travels	Value	AvValue	MinValue	MaxValue	Delta	Criteria	PrevAvRefValue	Progress	CriteriaType	CriteriaVarType	CriteriaPercentage
1	1	0	0.00227272727	6.82405696	6.82405696	6.82405696	6.82405696	0	0	0	0	0	0	3
5	1	0	0.0113636364	5.98806592	6.40606144	5.98806592	6.82405696	0.41799552	0	0	0	0	0	3
10	1	0	0.0227272727	5.14777187	5.98663158	5.14777187	6.82405696	0.837425379	0	0	0	0	0	3
15	2	0	0.0340909091	4.59051677	5.63760288	4.59051677	6.82405696	1.18645408	0	0	0	0	0	3
20	2	0	0.0454545455	4.42282839	5.39464798	4.42282839	6.82405696	1.42940898	0	0	0	0	0	3
25	2	0	0.0568181818	4.151827	5.18751115	4.151827	6.82405696	1.63654581	0	0	0	0	0	3
30	2	0	0.0681818182	3.89729349	5.00319434	3.89729349	6.82405696	1.82086262	0	0	0	0	0	3
35	3	0	0.0795454545	3.58637536	4.82609197	3.58637536	6.82405696	1.99796499	0	0	0	0	0	3
40	3	0	0.0909090909	3.31392699	4.65807364	3.31392699	6.82405696	2.16598332	0	0	0	0	0	3
45	3	0	0.102272727	3.05169312	4.49743559	3.05169312	6.82405696	2.32662138	0	0	0	0	0	3
50	3	0	0.113636364	2.89342754	4.35161667	2.89342754	6.82405696	2.47244029	0	0	0	0	0	3
55	4	0	0.125	2.81627626	4.22367164	2.81627626	6.82405696	2.60038532	0	0	0	0	0	3
60	4	0	0.136363636	2.63621806	4.10155982	2.63621806	6.82405696	2.72249714	0	0	0	0	0	3
65	4	0	0.147727273	2.60423713	3.9946082	2.60423713	6.82405696	2.82944876	0	0	0	0	0	3
70	4	0	0.159090909	2.69040796	3.90766152	2.60423713	6.82405696	2.91639544	0	0	0	0	0	3
75	5	0	0.170454545	2.55211464	3.82293984	2.55211464	6.82405696	3.00111712	0	0	0	0	0	3
80	5	0	0.181818182	2.52695908	3.74670568	2.52695908	6.82405696	3.07735128	0	0	0	0	0	3
85	5	0	0.193181818	2.30636753	3.66668689	2.30636753	6.82405696	3.15737007	0	0	0	0	0	3
90	5	0	0.204545455	2.28550807	3.59399327	2.28550807	6.82405696	3.23006369	0	0	0	0	0	3
95	6	0	0.215909091	2.32098192	3.5303427	2.28550807	6.82405696	3.29371426	0	0	0	0	0	3
100	6	0	0.227272727	2.35140747	3.47420293	2.28550807	6.82405696	3.34985403	0	0	0	0	0	3
105	6	0	0.238636364	2.10680781	3.41204861	2.10680781	6.82405696	3.41200836	0	0	0	0	0	3
110	7	0	0.25	2.06666922	3.35355385	2.06666922	6.82405696	3.47050311	0	0	0	0	0	3
115	7	0	0.261363636	2.09637345	3.30117133	2.06666922	6.82405696	3.52288563	0	0	0	0	0	3
120	7	0	0.272727273	2.10226189	3.25321496	2.06666922	6.82405696	3.57084201	0	0	0	0	0	3
125	7	0	0.284090909	2.02532765	3.20598852	2.02532765	6.82405696	3.61806844	0	0	0	0	0	3
130	8	0	0.295454545	1.84926975	3.15573968	1.84926975	6.82405696	3.66831729	0	0	0	0	0	3
135	8	0	0.306818182	1.92922259	3.1119355	1.84926975	6.82405696	3.71212147	0	0	0	0	0	3
140	8	0	0.318181818	1.86753201	3.06902503	1.84926975	6.82405696	3.75503193	0	0	0	0	0	3
145	8	0	0.329545455	1.86665219	3.02894594	1.84926975	6.82405696	3.79511103	0	0	0	0	0	3
150	9	0	0.340909091	1.83481151	2.99042547	1.83481151	6.82405696	3.83363149	0	0	0	0	0	3
155	9	0	0.352272727	1.82385147	2.95397003	1.82385147	6.82405696	3.87008693	0	0	0	0	0	3
160	9	0	0.363636364	1.85830625	2.9207681	1.82385147	6.82405696	3.90328886	0	0	0	0	0	3
165	10	0	0.375	1.78948629	2.88749511	1.78948629	6.82405696	3.93656186	0	0	0	0	0	3
170	10	0	0.386363636	1.7430096	2.85479552	1.7430096	6.82405696	3.96926144	0	0	0	0	0	3
175	10	0	0.397727273	1.80916492	2.82575023	1.7430096	6.82405696	3.99830674	0	0	0	0	0	3
180	10	0	0.409090909	1.86912313	2.79989544	1.7430096	6.82405696	4.02416152	0	0	0	0	0	3
185	11	0	0.420454545	1.83835639	2.77459178	1.7430096	6.82405696	4.04946518	0	0	0	0	0	3
190	11	0	0.431818182	1.80540009	2.74974071	1.7430096	6.82405696	4.07431625	0	0	0	0	0	3
195	11	0	0.443181818	1.82683827	2.72666815	1.7430096	6.82405696	4.09738881	0	0	0	0	0	3
200	11	0	0.454545455	1.79199068	2.70387114	1.7430096	6.82405696	4.12018582	0	0	0	0	0	3
205	12	0	0.465909091	1.63735417	2.67847788	1.63735417	6.82405696	4.14557909	0	0	0	0	0	3
210	12	0	0.477272727	1.65773484	2.65473967	1.63735417	6.82405696	4.1693173	0	0	0	0	0	3
215	12	0	0.488636364	1.61130388	2.63102522	1.61130388	6.82405696	4.19303175	0	0	0	0	0	3
220	12	0	0.5	1.58987432	2.60788853	1.58987432	6.82405696	4.21616843	0	0	0	0	0	3
225	13	0	0.511363636	1.49976995	2.41005979	1.49976995	5.14777187	3.57657179	0	0	0	0	0	3
230	13	0	0.522727273	1.50104767	2.3271797	1.49976995	4.59051677	3.09074682	0	0	0	0	0	3
235	13	0	0.534090909	1.48879219	2.25668596	1.48879219	4.42282839	2.9340362	0	0	0	0	0	3
240	13	0	0.545454545	1.5733958	2.24150173	1.48879219	4.42282839	2.9340362	0	0	0	0	0	3
245	14	0	0.556818182	1.54516341	2.17755362	1.48879219	4.151827	2.66303481	0	0	0	0	0	3
250	14	0	0.568181818	1.5286718	2.07885146	1.48879219	3.58637536	2.09758317	0	0	0	0	0	3
255	14	0	0.579545455	1.54297443	2.03241053	1.48879219	3.31392699	1.8251348	0	0	0	0	0	3
260	14	0	0.590909091	1.53673334	1.99201977	1.48879219	3.05169312	1.56290093	0	0	0	0	0	3
265	15	0	0.602272727	1.5079667	1.95693508	1.48879219	2.89342754	1.40463535	0	0	0	0	0	3
270	15	0	0.613636364	1.49141331	1.92507112	1.48879219	2.81627626	1.32748407	0	0	0	0	0	3
275	15	0	0.625	1.48232204	1.89475397	1.48232204	2.69040796	1.20808592	0	0	0	0	0	3
280	15	0	0.636363636	1.47037252	1.86825748	1.47037252	2.69040796	1.22003544	0	0	0	0	0	3
285	16	0	0.647727273	1.44875169	1.84199645	1.44875169	2.69040796	1.24165627	0	0	0	0	0	3
290	16	0	0.659090909	1.42553322	1.8132493	1.42553322	2.55211464	1.12658142	0	0	0	0	0	3
295	16	0	0.670454545	1.40370299	1.78714903	1.40370299	2.52695908	1.12325609	0	0	0	0	0	3
300	16	0	0.681818182	1.3994002	1.77853239	1.3994002	2.52695908	1.12755888	0	0	0	0	0	3
305	17	0	0.693181818	1.39033999	1.74070389	1.39033999	2.35140747	0.961067478	0	0	0	0	0	3
310	17	0	0.704545455	1.41692861	1.72096345	1.39033999	2.35140747	0.961067478	0	0	0	0	0	3
315	17	0	0.715909091	1.39864021	1.70000113	1.39033999	2.35140747	0.961067478	0	0	0	0	0	3
320	17	0	0.727272727	1.36398146	1.67755963	1.36398146	2.10680781	0.742826354	0	0	0	0	0	3
325	18	0	0.738636364	1.40519381	1.66161386	1.36398146	2.10226189	0.738280433	0	0	0	0	0	3
330	18	0	0.75	1.38274499	1.64607013	1.36398146	2.10226189	0.738280433	0	0	0	0	0	3
335	18	0	0.761363636	1.37422372	1.62965764	1.36398146	2.10226189	0.738280433	0	0	0	0	0	3
340	18	0	0.772727273	1.36144214	1.61282082	1.36144214	2.02532765	0.66388551	0	0	0	0	0	3
345	19	0	0.784090909	1.35798817	1.60715787	1.35798817	2.02532765	0.667339485	0	0	0	0	0	3
350	19	0	0.795454545	1.33153466	1.59174025	1.33153466	1.92922259	0.597687937	0	0	0	0	0	3
355	19	0	0.806818182	1.33496795	1.58031132	1.33153466	1.92922259	0.597687937	0	0	0	0	0	3
360	20	0	0.818181818	1.32189287	1.55998063	1.32189287	1.86912313	0.547230262	0	0	0	0	0	3
365	20	0	0.829545455	1.28626289	1.54678997	1.28626289	1.86912313	0.582860234	0	0	0	0	0	3
370	20	0	0.840909091	1.26968865	1.53394627	1.26968865	1.86912313	0.599434483	0	0	0	0	0	3
375	20	0	0.852272727	1.28336444	1.52166247	1.26968865	1.86912313	0.599434483	0	0	0	0	0	3
380	21	0	0.863636364	1.26810831	1.50824888	1.26810831	1.86912313	0.601014816	0	0	0	0	0	3
385	21	0	0.875	1.2449856	1.49587386	1.2449856	1.86912313	0.624137531	0	0	0	0	0	3
390	21	0	0.886363636	1.22316356	1.48405918	1.22316356	1.86912313	0.645959571	0	0	0	0	0	3
395	21	0	0.897727273	1.21212443	1.47049008	1.21212443	1.86912313	0.656998702	0	0	0	0	0	3
400	22	0	0.909090909	1.20481684	1.46458623	1.20481684	1.86912313	0.664306286	0	0	0	0	0	3
405	22	0	0.920454545	1.17175846	1.44908924	1.17175846	1.83835639	0.66659793	0	0	0	0	0	3
410	22	0	0.931818182	1.12124413	1.43315341	1.12124413	1.82683827	0.705594137	0	0	0	0	0	3
415	22	0	0.943181818	1.08348175	1.40779879	1.08348175	1.79199068	0.708508925	0	0	0	0	0	3
420	23	0	0.954545455	1.07856575	1.39158459	1.07856575	1.65773484	0.579169094	0	0	0	0	0	3
425	23	0	0.965909091	1.07343939	1.37876834	1.07343939	1.65773484	0.584295452	0	0	0	0	0	3
430	23	0	0.977272727	1.08509175	1.36575373	1.07343939	1.61130388	0.537864493	0	0	0	0	0	3
435	23	0	0.988636364	1.0577023	1.35317187	1.0577023	1.58987432	0.53217202	0	0	0	0	0	3
440	24	0	1	1.03565576	1.340576	1.03565576	1.5733958	0.537740041	0.742861525	0	100	0	0	3
445	24	0	1.01136364	1.03237536	1.32995339	1.03237536	1.5733958	0.541020445	0.742861525	0	100	0	0	3
450	24	0	1.02272727	1.01601275	1.31892987	1.01601275	1.5733958	0.557383052	0.742861525	0	100	0	0	3
455	24	0	1.03409091	1.00408894	1.30791389	1.00408894	1.5733958	0.569306863	0.742861525	0	100	0	0	3
460	25	0	1.04545455	1.00585967	1.29501534	1.00408894	1.54516341	0.541074471	0.742861525	0	100	0	0	3
465	25	0	1.05681818	0.968927602	1.28191907	0.968927602	1.54297443	0.57404683	0.742861525	0	100	0	0	3
470	25	0	1.06818182	1.00106041	1.27567777	0.968927602	1.54297443	0.57404683	0.742861525	0	100	0	0	3
475	25	0	1.07954545	0.925973635	1.25590516	0.925973635	1.53673334	0.610759701	0.742861525	0	100	0	0	3
480	26	0	1.09090909	0.91764254	1.24838821	0.91764254	1.53673334	0.619090796	0.742861525	0	100	0	0	3
485	26	0	1.10227273	0.933405265	1.2287767	0.91764254	1.49141331	0.573770768	0.742861525	0	100	0	0	3
490	26	0	1.11363636	0.919623995	1.22190664	0.91764254	1.49141331	0.573770768	0.742861525	0	100	0	0	3
495	26	0	1.125	0.883183822	1.20216471	0.883183822	1.47037252	0.587188696	0.742861525	0	100	0	0	3
500	27	0	1.13636364	0.914262777	1.18952585	0.883183822	1.44875169	0.565567868	0.742861525	0	100	0	0	3
505	27	0	1.14772727	0.892853996	1.17689181	0.883183822	1.42553322	0.5423494	0.742861525	0	100	0	0	3
510	27	0	1.15909091	0.933628055	1.16571215	0.883183822	1.41692861	0.533744792	0.742861525	0	100	0	0	3
515	27	0	1.17045455	0.990562891	1.1563226	0.883183822	1.41692861	0.533744792	0.742861525	0	100	0	0	3
520	27	0	1.18181818	0.987427369	1.14695958	0.883183822	1.41692861	0.533744792	0.742861525	0	100	0	0	3
525	28	0	1.19318182	0.970921161	1.14304762	0.883183822	1.41692861	0.533744792	0.742861525	0	100	0	0	3
530	28	0	1.20454545	0.958325118	1.12700453	0.883183822	1.40519381	0.522009986	0.742861525	0	100	0	0	3
535	28	0	1.21590909	0.868641258	1.12126312	0.868641258	1.40519381	0.53655255	0.742861525	0	100	0	0	3
540	28	0	1.22727273	0.91985038	1.10486521	0.868641258	1.40519381	0.53655255	0.742861525	0	100	0	0	3
545	28	0	1.23863636	0.847717583	1.09915082	0.847717583	1.40519381	0.557476225	0.742861525	0	100	0	0	3
550	29	0	1.25	0.883468843	1.08084811	0.847717583	1.37422372	0.526506135	0.742861525	0	100	0	0	3
555	29	0	1.26136364	0.922411492	1.07057965	0.847717583	1.36144214	0.513724558	0.742861525	0	100	0	0	3
560	29	0	1.27272727	0.92696002	1.06070506	0.847717583	1.35798817	0.510270582	0.742861525	0	100	0	0	3
565	29	0	1.28409091	0.974130962	1.05198103	0.847717583	1.33496795	0.487250367	0.742861525	0	100	0	0	3
570	30	0	1.29545455	0.985717353	1.04412155	0.847717583	1.33496795	0.487250367	0.742861525	0	100	0	0	3
575	30	0	1.30681818	0.981330351	1.03608433	0.847717583	1.32189287	0.474175283	0.742861525	0	100	0	0	3
580	30	0	1.31818182	0.990458878	1.03507043	0.847717583	1.32189287	0.474175283	0.742861525	0	100	0	0	3
585	30	0	1.32954545	0.995526651	1.0219441	0.847717583	1.28336444	0.435646852	0.742861525	0	100	0	0	3
590	30	0	1.34090909	0.970916838	1.02081016	0.847717583	1.28336444	0.435646852	0.742861525	0	100	0	0	3
595	31	0	1.35227273	0.932413296	1.00717767	0.847717583	1.26810831	0.420390729	0.742861525	0	100	0	0	3
600	31	0	1.36363636	0.99426687	1.00689076	0.847717583	1.26810831	0.420390729	0.742861525	0	100	0	0	3
605	31	0	1.375	1.01726036	0.995778423	0.847717583	1.22316356	0.375445974	0.742861525	0	100	0	0	3
610	31	0	1.38636364	1.01943496	0.991148228	0.847717583	1.21212443	0.364406843	0.742861525	0	100	0	0	3
615	32	0	1.39772727	0.959581356	0.985408612	0.847717583	1.20481684	0.357099259	0.742861525	0	100	0	0	3
620	32	0	1.40909091	1.00888825	0.98095569	0.847717583	1.17175846	0.324040879	0.742861525	0	100	0	0	3
625	32	0	1.42045455	0.981508457	0.976631826	0.847717583	1.12124413	0.273526551	0.742861525	0	100	0	0	3
630	33	0	1.43181818	0.94453055	0.972615608	0.847717583	1.08509175	0.237374164	0.742861525	0	100	0	0	3
635	33	0	1.44318182	0.915895041	0.971355151	0.847717583	1.08509175	0.237374164	0.742861525	0	100	0	0	3
640	33	0	1.45454545	0.969573795	0.966329729	0.847717583	1.08509175	0.237374164	0.742861525	0	100	0	0	3
645	34	0	1.46590909	0.977240521	0.966572191	0.847717583	1.08509175	0.237374164	0.742861525	0	100	0	0	3
650	34	0	1.47727273	0.919114971	0.960371192	0.847717583	1.0577023	0.20998472	0.742861525	0	100	0	0	3
