Iteration	CPUTime	PhysTime	Travels	Value	AvValue	MinValue	MaxValue	Delta	Criteria	PrevAvRefValue	Progress	CriteriaType	CriteriaVarType	CriteriaPercentage
1	1	0	0.00227272727	23.3965783	23.3965783	23.3965783	23.3965783	0	0	0	0	0	0	3
5	1	0	0.0113636364	71.1816564	47.2891174	23.3965783	71.1816564	23.8925391	0	0	0	0	0	3
10	1	0	0.0227272727	87.380478	60.6529042	23.3965783	87.380478	37.256326	0	0	0	0	0	3
15	2	0	0.0340909091	88.25625	67.5537407	23.3965783	88.25625	44.1571624	0	0	0	0	0	3
20	2	0	0.0454545455	84.8632462	71.0156418	23.3965783	88.25625	47.6190635	0	0	0	0	0	3
25	2	0	0.0568181818	80.5232813	72.6002484	23.3965783	88.25625	49.2036701	0	0	0	0	0	3
30	2	0	0.0681818182	76.5114192	73.1589871	23.3965783	88.25625	49.7624088	0	0	0	0	0	3
35	3	0	0.0795454545	72.8629885	73.1219872	23.3965783	88.25625	49.7624088	0	0	0	0	0	3
40	3	0	0.0909090909	69.5523461	72.7253604	23.3965783	88.25625	49.7624088	0	0	0	0	0	3
45	3	0	0.102272727	66.2591432	72.0787387	23.3965783	88.25625	49.7624088	0	0	0	0	0	3
50	3	0	0.113636364	62.7940007	71.2346716	23.3965783	88.25625	49.7624088	0	0	0	0	0	3
55	4	0	0.125	59.085828	70.222268	23.3965783	88.25625	49.7624088	0	0	0	0	0	3
60	4	0	0.136363636	55.2120622	69.0676368	23.3965783	88.25625	49.7624088	0	0	0	0	0	3
65	4	0	0.147727273	51.3255696	67.8003463	23.3965783	88.25625	49.7624088	0	0	0	0	0	3
70	4	0	0.159090909	47.6028084	66.4538437	23.3965783	88.25625	49.7624088	0	0	0	0	0	3
75	5	0	0.170454545	44.3148583	65.0701572	23.3965783	88.25625	49.7624088	0	0	0	0	0	3
80	5	0	0.181818182	41.4482703	63.6806344	23.3965783	88.25625	49.7624088	0	0	0	0	0	3
85	5	0	0.193181818	38.8376923	62.3004709	23.3965783	88.25625	49.7624088	0	0	0	0	0	3
90	5	0	0.204545455	36.4330614	60.9390283	23.3965783	88.25625	49.7624088	0	0	0	0	0	3
95	6	0	0.215909091	34.262667	59.6052103	23.3965783	88.25625	49.7624088	0	0	0	0	0	3
100	6	0	0.227272727	32.3505447	58.307369	23.3965783	88.25625	49.7624088	0	0	0	0	0	3
105	6	0	0.238636364	30.6639368	57.0508494	23.3965783	88.25625	49.7624088	0	0	0	0	0	3
110	7	0	0.25	29.2545452	55.8423144	23.3965783	88.25625	49.7624088	0	0	0	0	0	3
115	7	0	0.261363636	28.112849	54.68692	23.3965783	88.25625	49.7624088	0	0	0	0	0	3
120	7	0	0.272727273	27.2325942	53.588747	23.3965783	88.25625	49.7624088	0	0	0	0	0	3
125	7	0	0.284090909	26.5556866	52.5490139	23.3965783	88.25625	49.7624088	0	0	0	0	0	3
130	8	0	0.295454545	26.0376773	51.5671126	23.3965783	88.25625	49.7624088	0	0	0	0	0	3
135	8	0	0.306818182	25.6075583	50.6399856	23.3965783	88.25625	49.7624088	0	0	0	0	0	3
140	8	0	0.318181818	25.2521481	49.764543	23.3965783	88.25625	49.7624088	0	0	0	0	0	3
145	8	0	0.329545455	24.9231742	48.9364973	23.3965783	88.25625	49.7624088	0	0	0	0	0	3
150	9	0	0.340909091	24.6186828	48.1520517	23.3965783	88.25625	49.7624088	0	0	0	0	0	3
155	9	0	0.352272727	24.3278199	47.4075445	23.3965783	88.25625	49.7624088	0	0	0	0	0	3
160	9	0	0.363636364	24.0533531	46.6998417	23.3965783	88.25625	49.7624088	0	0	0	0	0	3
165	10	0	0.375	23.7805469	46.0257448	23.3965783	88.25625	49.7624088	0	0	0	0	0	3
170	10	0	0.386363636	23.4756158	45.3814554	23.3965783	88.25625	49.7624088	0	0	0	0	0	3
175	10	0	0.397727273	23.1358365	44.7635215	23.1358365	88.25625	49.7624088	0	0	0	0	0	3
180	10	0	0.409090909	22.76212	44.1688891	22.76212	88.25625	49.7624088	0	0	0	0	0	3
185	11	0	0.420454545	22.3455556	43.5945908	22.3455556	88.25625	49.7624088	0	0	0	0	0	3
190	11	0	0.431818182	21.901177	43.0383494	21.901177	88.25625	49.7624088	0	0	0	0	0	3
195	11	0	0.443181818	21.4640892	42.4989929	21.4640892	88.25625	49.7624088	0	0	0	0	0	3
200	11	0	0.454545455	21.0154403	41.9750038	21.0154403	88.25625	49.7624088	0	0	0	0	0	3
205	12	0	0.465909091	20.5690627	41.4653386	20.5690627	88.25625	49.7624088	0	0	0	0	0	3
210	12	0	0.477272727	20.1564978	40.9697841	20.1564978	88.25625	49.7624088	0	0	0	0	0	3
215	12	0	0.488636364	19.7721867	40.4880205	19.7721867	88.25625	49.7624088	0	0	0	0	0	3
220	12	0	0.5	19.4265929	40.0199888	19.4265929	88.25625	49.7624088	0	0	0	0	0	3
225	13	0	0.511363636	19.1261942	39.2147149	19.1261942	88.25625	33.9442721	0	0	0	0	0	3
230	13	0	0.522727273	18.8791235	37.657866	18.8791235	88.25625	35.5011211	0	0	0	0	0	3
235	13	0	0.534090909	18.6879767	36.0767688	18.6879767	84.8632462	37.0822182	0	0	0	0	0	3
240	13	0	0.545454545	18.5506826	35.6873003	18.5506826	84.8632462	37.4716868	0	0	0	0	0	3
245	14	0	0.556818182	18.4512345	34.2114778	18.4512345	80.5232813	38.9475093	0	0	0	0	0	3
250	14	0	0.568181818	18.3839536	31.837858	18.3839536	72.8629885	41.2841292	0	0	0	0	0	3
255	14	0	0.579545455	18.3398973	30.5986969	18.3398973	69.5523461	42.1266636	0	0	0	0	0	3
260	14	0	0.590909091	18.3102266	29.4341032	18.3102266	66.2591432	42.6446355	0	0	0	0	0	3
265	15	0	0.602272727	18.2858601	28.3438013	18.2858601	62.7940007	42.8908703	0	0	0	0	0	3
270	15	0	0.613636364	18.263719	27.3317495	18.263719	59.085828	40.822109	0	0	0	0	0	3
275	15	0	0.625	18.2472537	26.4036001	18.2472537	55.2120622	36.9648085	0	0	0	0	0	3
280	15	0	0.636363636	18.2288446	25.5630724	18.2288446	51.3255696	33.0967251	0	0	0	0	0	3
285	16	0	0.647727273	18.202624	24.8102782	18.202624	47.6028084	29.4001843	0	0	0	0	0	3
290	16	0	0.659090909	18.1663239	24.1412672	18.1663239	44.3148583	26.1485344	0	0	0	0	0	3
295	16	0	0.670454545	18.1176205	23.5458754	18.1176205	41.4482703	23.3306498	0	0	0	0	0	3
300	16	0	0.681818182	18.0644543	23.424066	18.0644543	41.4482703	23.383816	0	0	0	0	0	3
305	17	0	0.693181818	18.0041498	22.5409354	18.0041498	36.4330614	18.4289115	0	0	0	0	0	3
310	17	0	0.704545455	17.9419848	22.1206837	17.9419848	34.262667	16.3206822	0	0	0	0	0	3
315	17	0	0.715909091	17.8747206	21.7482304	17.8747206	32.3505447	14.4758241	0	0	0	0	0	3
320	17	0	0.727272727	17.8026269	21.4175959	17.8026269	30.6639368	12.8613099	0	0	0	0	0	3
325	18	0	0.738636364	17.7312319	21.1236708	17.7312319	29.2545452	11.5233133	0	0	0	0	0	3
330	18	0	0.75	17.6600384	20.8601592	17.6600384	28.112849	10.4528106	0	0	0	0	0	3
335	18	0	0.761363636	17.5892717	20.620987	17.5892717	27.2325942	9.64332258	0	0	0	0	0	3
340	18	0	0.772727273	17.52246	20.4003022	17.52246	26.5556866	9.0332266	0	0	0	0	0	3
345	19	0	0.784090909	17.461145	20.3349876	17.461145	26.5556866	9.09454162	0	0	0	0	0	3
350	19	0	0.795454545	17.4021389	20.1315754	17.4021389	26.0376773	8.63553836	0	0	0	0	0	3
355	19	0	0.806818182	17.3485103	19.9384828	17.3485103	25.6075583	8.25904799	0	0	0	0	0	3
360	20	0	0.818181818	17.300034	19.6289103	17.300034	24.9231742	7.62314014	0	0	0	0	0	3
365	20	0	0.829545455	17.2510766	19.4545444	17.2510766	24.6186828	7.36760621	0	0	0	0	0	3
370	20	0	0.840909091	17.2064363	19.2860843	17.2064363	24.3278199	7.12138358	0	0	0	0	0	3
375	20	0	0.852272727	17.1625593	19.1232375	17.1625593	24.0533531	6.89079379	0	0	0	0	0	3
380	21	0	0.863636364	17.1205669	18.9656741	17.1205669	23.7805469	6.65997995	0	0	0	0	0	3
385	21	0	0.875	17.0806778	18.8134044	17.0806778	23.4756158	6.39493791	0	0	0	0	0	3
390	21	0	0.886363636	17.0417601	18.6671804	17.0417601	23.1358365	6.09407639	0	0	0	0	0	3
395	21	0	0.897727273	16.9991049	18.5277092	16.9991049	22.76212	5.76301514	0	0	0	0	0	3
400	22	0	0.909090909	16.959648	18.4928634	16.959648	22.76212	5.80247198	0	0	0	0	0	3
405	22	0	0.920454545	16.9145487	18.3629174	16.9145487	22.3455556	5.43100696	0	0	0	0	0	3
410	22	0	0.931818182	16.8686153	18.2412076	16.8686153	21.901177	5.03256164	0	0	0	0	0	3
415	22	0	0.943181818	16.8285623	18.0526736	16.8285623	21.0154403	4.186878	0	0	0	0	0	3
420	23	0	0.954545455	16.7748982	17.9562976	16.7748982	20.5690627	3.7941645	0	0	0	0	0	3
425	23	0	0.965909091	16.723559	17.8688998	16.723559	20.1564978	3.43293873	0	0	0	0	0	3
430	23	0	0.977272727	16.6761693	17.7898015	16.6761693	19.7721867	3.09601737	0	0	0	0	0	3
435	23	0	0.988636364	16.6267334	17.7183139	16.6267334	19.4265929	2.7998595	0	0	0	0	0	3
440	24	0	1	16.5812556	17.6536471	16.5812556	19.1261942	2.54493861	10.7512492	0	100	0	0	3
445	24	0	1.01136364	16.5338789	17.5947309	16.5338789	18.8791235	2.34524467	10.7583557	0	100	0	0	3
450	24	0	1.02272727	16.488377	17.5403957	16.488377	18.6879767	2.1995997	10.7617683	0	100	0	0	3
455	24	0	1.03409091	16.4403387	17.489313	16.4403387	18.5506826	2.11034389	10.7512492	0	100	0	0	3
460	25	0	1.04545455	16.3942985	17.4403043	16.3942985	18.4512345	2.05693607	10.7512492	0	100	0	0	3
465	25	0	1.05681818	16.3438179	17.3924085	16.3438179	18.3839536	2.04013564	10.7512492	0	100	0	0	3
470	25	0	1.06818182	16.2899627	17.3679097	16.2899627	18.3839536	2.09399086	10.7512492	0	100	0	0	3
475	25	0	1.07954545	16.2483887	17.2972835	16.2483887	18.3102266	2.06183786	10.7512492	0	100	0	0	3
480	26	0	1.09090909	16.2021288	17.2729467	16.2021288	18.3102266	2.10809779	10.7512492	0	100	0	0	3
485	26	0	1.10227273	16.1612879	17.2010864	16.1612879	18.263719	2.10243115	10.7512492	0	100	0	0	3
490	26	0	1.11363636	16.1152794	17.1769574	16.1152794	18.263719	2.14843959	10.7512492	0	100	0	0	3
495	26	0	1.125	16.0636362	17.1026306	16.0636362	18.2288446	2.16520836	10.7512492	0	100	0	0	3
500	27	0	1.13636364	16.0227057	17.0524911	16.0227057	18.202624	2.17991836	10.7512492	0	100	0	0	3
505	27	0	1.14772727	15.978476	17.0019423	15.978476	18.1663239	2.18784785	10.7512492	0	100	0	0	3
510	27	0	1.15909091	15.9420617	16.9513908	15.9420617	18.1176205	2.17555874	10.7512492	0	100	0	0	3
515	27	0	1.17045455	15.9002186	16.9009954	15.9002186	18.0644543	2.16423564	10.7512492	0	100	0	0	3
520	27	0	1.18181818	15.8600168	16.8508945	15.8600168	18.0041498	2.14413304	10.7512492	0	100	0	0	3
525	28	0	1.19318182	15.8193574	16.8279715	15.8193574	18.0041498	2.18479245	10.7512492	0	100	0	0	3
530	28	0	1.20454545	15.7814191	16.7521364	15.7814191	17.8747206	2.09330154	10.7512492	0	100	0	0	3
535	28	0	1.21590909	15.7445019	16.7297445	15.7445019	17.8747206	2.1302187	10.7512492	0	100	0	0	3
540	28	0	1.22727273	15.6950677	16.6558232	15.6950677	17.7312319	2.03616418	10.7512492	0	100	0	0	3
545	28	0	1.23863636	15.6636449	16.6337748	15.6636449	17.7312319	2.06758708	10.7512492	0	100	0	0	3
550	29	0	1.25	15.621789	16.5625088	15.621789	17.5892717	1.96748269	10.7512492	0	100	0	0	3
555	29	0	1.26136364	15.578165	16.5168018	15.578165	17.52246	1.94429501	10.7512492	0	100	0	0	3
560	29	0	1.27272727	15.5395844	16.4717364	15.5395844	17.461145	1.92156065	10.7512492	0	100	0	0	3
565	29	0	1.28409091	15.5001951	16.4271694	15.5001951	17.4021389	1.9019438	10.7512492	0	100	0	0	3
570	30	0	1.29545455	15.4572368	16.3829671	15.4572368	17.3485103	1.89127343	10.7512492	0	100	0	0	3
575	30	0	1.30681818	15.4172417	16.3390746	15.4172417	17.300034	1.88279236	10.7512492	0	100	0	0	3
580	30	0	1.31818182	15.3883562	16.3179475	15.3883562	17.300034	1.91167785	10.7512492	0	100	0	0	3
585	30	0	1.32954545	15.35684	16.2525765	15.35684	17.2064363	1.84959632	10.7512492	0	100	0	0	3
590	30	0	1.34090909	15.3217793	16.2318922	15.3217793	17.2064363	1.88465706	10.7512492	0	100	0	0	3
595	31	0	1.35227273	15.2858346	16.1670906	15.2858346	17.1205669	1.83473229	10.7512492	0	100	0	0	3
600	31	0	1.36363636	15.2527879	16.1467728	15.2527879	17.1205669	1.86777903	10.7512492	0	100	0	0	3
605	31	0	1.375	15.2165847	16.0822753	15.2165847	17.0417601	1.8251754	10.7512492	0	100	0	0	3
610	31	0	1.38636364	15.1865799	16.0401121	15.1865799	16.9991049	1.812525	10.7512492	0	100	0	0	3
615	32	0	1.39772727	15.1610298	15.9983377	15.1610298	16.959648	1.79861823	10.7512492	0	100	0	0	3
620	32	0	1.40909091	15.1282151	15.9567142	15.1282151	16.9145487	1.78633354	10.7512492	0	100	0	0	3
625	32	0	1.42045455	15.0931045	15.9153178	15.0931045	16.8686153	1.77551085	10.7512492	0	100	0	0	3
630	33	0	1.43181818	15.0663463	15.8743571	15.0663463	16.8285623	1.76221594	10.7512492	0	100	0	0	3
635	33	0	1.44318182	15.0376141	15.8557628	15.0376141	16.8285623	1.79094815	10.7512492	0	100	0	0	3
640	33	0	1.45454545	15.0066691	15.7934667	15.0066691	16.723559	1.71688997	10.7512492	0	100	0	0	3
645	34	0	1.46590909	14.9750959	15.7752807	14.9750959	16.723559	1.7484631	10.7512492	0	100	0	0	3
650	34	0	1.47727273	14.948983	15.7144747	14.948983	16.6267334	1.67775041	10.7512492	0	100	0	0	3
