Iteration	CPUTime	PhysTime	Travels	Value	AvValue	MinValue	MaxValue	Delta	Criteria	PrevAvRefValue	Progress	CriteriaType	CriteriaVarType	CriteriaPercentage
1	1	0	0.00227272727	0	0	0	0	0	0	0	0	0	0	3
5	1	0	0.0113636364	0	0	0	0	0	0	0	0	0	0	3
10	1	0	0.0227272727	0	0	0	0	0	0	0	0	0	0	3
15	2	0	0.0340909091	0	0	0	0	0	0	0	0	0	0	3
20	2	0	0.0454545455	0	0	0	0	0	0	0	0	0	0	3
25	2	0	0.0568181818	0	0	0	0	0	0	0	0	0	0	3
30	2	0	0.0681818182	0	0	0	0	0	0	0	0	0	0	3
35	3	0	0.0795454545	0	0	0	0	0	0	0	0	0	0	3
40	3	0	0.0909090909	0	0	0	0	0	0	0	0	0	0	3
45	3	0	0.102272727	0	0	0	0	0	0	0	0	0	0	3
50	3	0	0.113636364	0	0	0	0	0	0	0	0	0	0	3
55	4	0	0.125	0	0	0	0	0	0	0	0	0	0	3
60	4	0	0.136363636	0	0	0	0	0	0	0	0	0	0	3
65	4	0	0.147727273	0	0	0	0	0	0	0	0	0	0	3
70	4	0	0.159090909	0	0	0	0	0	0	0	0	0	0	3
75	5	0	0.170454545	0	0	0	0	0	0	0	0	0	0	3
80	5	0	0.181818182	0	0	0	0	0	0	0	0	0	0	3
85	5	0	0.193181818	0	0	0	0	0	0	0	0	0	0	3
90	5	0	0.204545455	0	0	0	0	0	0	0	0	0	0	3
95	6	0	0.215909091	0	0	0	0	0	0	0	0	0	0	3
100	6	0	0.227272727	0	0	0	0	0	0	0	0	0	0	3
105	6	0	0.238636364	0	0	0	0	0	0	0	0	0	0	3
110	7	0	0.25	0	0	0	0	0	0	0	0	0	0	3
115	7	0	0.261363636	0	0	0	0	0	0	0	0	0	0	3
120	7	0	0.272727273	0	0	0	0	0	0	0	0	0	0	3
125	7	0	0.284090909	0	0	0	0	0	0	0	0	0	0	3
130	8	0	0.295454545	0	0	0	0	0	0	0	0	0	0	3
135	8	0	0.306818182	0	0	0	0	0	0	0	0	0	0	3
140	8	0	0.318181818	0	0	0	0	0	0	0	0	0	0	3
145	8	0	0.329545455	0	0	0	0	0	0	0	0	0	0	3
150	9	0	0.340909091	0	0	0	0	0	0	0	0	0	0	3
155	9	0	0.352272727	0	0	0	0	0	0	0	0	0	0	3
160	9	0	0.363636364	0	0	0	0	0	0	0	0	0	0	3
165	10	0	0.375	0	0	0	0	0	0	0	0	0	0	3
170	10	0	0.386363636	0	0	0	0	0	0	0	0	0	0	3
175	10	0	0.397727273	0	0	0	0	0	0	0	0	0	0	3
180	10	0	0.409090909	0	0	0	0	0	0	0	0	0	0	3
185	11	0	0.420454545	0	0	0	0	0	0	0	0	0	0	3
190	11	0	0.431818182	0	0	0	0	0	0	0	0	0	0	3
195	11	0	0.443181818	0	0	0	0	0	0	0	0	0	0	3
200	11	0	0.454545455	0	0	0	0	0	0	0	0	0	0	3
205	12	0	0.465909091	0	0	0	0	0	0	0	0	0	0	3
210	12	0	0.477272727	0	0	0	0	0	0	0	0	0	0	3
215	12	0	0.488636364	0	0	0	0	0	0	0	0	0	0	3
220	12	0	0.5	0	0	0	0	0	0	0	0	0	0	3
225	13	0	0.511363636	0	0	0	0	0	0	0	0	0	0	3
230	13	0	0.522727273	0	0	0	0	0	0	0	0	0	0	3
235	13	0	0.534090909	0	0	0	0	0	0	0	0	0	0	3
240	13	0	0.545454545	0	0	0	0	0	0	0	0	0	0	3
245	14	0	0.556818182	0	0	0	0	0	0	0	0	0	0	3
250	14	0	0.568181818	0	0	0	0	0	0	0	0	0	0	3
255	14	0	0.579545455	0	0	0	0	0	0	0	0	0	0	3
260	14	0	0.590909091	0	0	0	0	0	0	0	0	0	0	3
265	15	0	0.602272727	0	0	0	0	0	0	0	0	0	0	3
270	15	0	0.613636364	0	0	0	0	0	0	0	0	0	0	3
275	15	0	0.625	0	0	0	0	0	0	0	0	0	0	3
280	15	0	0.636363636	0	0	0	0	0	0	0	0	0	0	3
285	16	0	0.647727273	0	0	0	0	0	0	0	0	0	0	3
290	16	0	0.659090909	0	0	0	0	0	0	0	0	0	0	3
295	16	0	0.670454545	0	0	0	0	0	0	0	0	0	0	3
300	16	0	0.681818182	0	0	0	0	0	0	0	0	0	0	3
305	17	0	0.693181818	0	0	0	0	0	0	0	0	0	0	3
310	17	0	0.704545455	0	0	0	0	0	0	0	0	0	0	3
315	17	0	0.715909091	0	0	0	0	0	0	0	0	0	0	3
320	17	0	0.727272727	0	0	0	0	0	0	0	0	0	0	3
325	18	0	0.738636364	0	0	0	0	0	0	0	0	0	0	3
330	18	0	0.75	0	0	0	0	0	0	0	0	0	0	3
335	18	0	0.761363636	0	0	0	0	0	0	0	0	0	0	3
340	18	0	0.772727273	0	0	0	0	0	0	0	0	0	0	3
345	19	0	0.784090909	0	0	0	0	0	0	0	0	0	0	3
350	19	0	0.795454545	0	0	0	0	0	0	0	0	0	0	3
355	19	0	0.806818182	0	0	0	0	0	0	0	0	0	0	3
360	20	0	0.818181818	0	0	0	0	0	0	0	0	0	0	3
365	20	0	0.829545455	0	0	0	0	0	0	0	0	0	0	3
370	20	0	0.840909091	0	0	0	0	0	0	0	0	0	0	3
375	20	0	0.852272727	0	0	0	0	0	0	0	0	0	0	3
380	21	0	0.863636364	0	0	0	0	0	0	0	0	0	0	3
385	21	0	0.875	0	0	0	0	0	0	0	0	0	0	3
390	21	0	0.886363636	0	0	0	0	0	0	0	0	0	0	3
395	21	0	0.897727273	0	0	0	0	0	0	0	0	0	0	3
400	22	0	0.909090909	0	0	0	0	0	0	0	0	0	0	3
405	22	0	0.920454545	0	0	0	0	0	0	0	0	0	0	3
410	22	0	0.931818182	0	0	0	0	0	0	0	0	0	0	3
415	22	0	0.943181818	0	0	0	0	0	0	0	0	0	0	3
420	23	0	0.954545455	0	0	0	0	0	0	0	0	0	0	3
425	23	0	0.965909091	0	0	0	0	0	0	0	0	0	0	3
430	23	0	0.977272727	0	0	0	0	0	0	0	0	0	0	3
435	23	0	0.988636364	0	0	0	0	0	0	0	0	0	0	3
440	24	0	1	0	0	0	0	0	5e-06	0	0	0	0	3
445	24	0	1.01136364	0	0	0	0	0	5e-06	0	0	0	0	3
450	24	0	1.02272727	0	0	0	0	0	5e-06	0	0	0	0	3
455	24	0	1.03409091	0	0	0	0	0	5e-06	0	0	0	0	3
460	25	0	1.04545455	0	0	0	0	0	5e-06	0	0	0	0	3
465	25	0	1.05681818	0	0	0	0	0	5e-06	0	0	0	0	3
470	25	0	1.06818182	0	0	0	0	0	5e-06	0	0	0	0	3
475	25	0	1.07954545	0	0	0	0	0	5e-06	0	0	0	0	3
480	26	0	1.09090909	0	0	0	0	0	5e-06	0	0	0	0	3
485	26	0	1.10227273	0	0	0	0	0	5e-06	0	0	0	0	3
490	26	0	1.11363636	0	0	0	0	0	5e-06	0	0	0	0	3
495	26	0	1.125	0	0	0	0	0	5e-06	0	0	0	0	3
500	27	0	1.13636364	0	0	0	0	0	5e-06	0	0	0	0	3
505	27	0	1.14772727	0	0	0	0	0	5e-06	0	0	0	0	3
510	27	0	1.15909091	0	0	0	0	0	5e-06	0	0	0	0	3
515	27	0	1.17045455	0	0	0	0	0	5e-06	0	0	0	0	3
520	27	0	1.18181818	0	0	0	0	0	5e-06	0	0	0	0	3
525	28	0	1.19318182	0	0	0	0	0	5e-06	0	0	0	0	3
530	28	0	1.20454545	0	0	0	0	0	5e-06	0	0	0	0	3
535	28	0	1.21590909	0	0	0	0	0	5e-06	0	0	0	0	3
540	28	0	1.22727273	0	0	0	0	0	5e-06	0	0	0	0	3
545	28	0	1.23863636	0	0	0	0	0	5e-06	0	0	0	0	3
550	29	0	1.25	0	0	0	0	0	5e-06	0	0	0	0	3
555	29	0	1.26136364	0	0	0	0	0	5e-06	0	0	0	0	3
560	29	0	1.27272727	0	0	0	0	0	5e-06	0	0	0	0	3
565	29	0	1.28409091	0	0	0	0	0	5e-06	0	0	0	0	3
570	30	0	1.29545455	0	0	0	0	0	5e-06	0	0	0	0	3
575	30	0	1.30681818	0	0	0	0	0	5e-06	0	0	0	0	3
580	30	0	1.31818182	0	0	0	0	0	5e-06	0	0	0	0	3
585	30	0	1.32954545	0	0	0	0	0	5e-06	0	0	0	0	3
590	30	0	1.34090909	0	0	0	0	0	5e-06	0	0	0	0	3
595	31	0	1.35227273	0	0	0	0	0	5e-06	0	0	0	0	3
600	31	0	1.36363636	0	0	0	0	0	5e-06	0	0	0	0	3
605	31	0	1.375	0	0	0	0	0	5e-06	0	0	0	0	3
610	31	0	1.38636364	0	0	0	0	0	5e-06	0	0	0	0	3
615	32	0	1.39772727	0	0	0	0	0	5e-06	0	0	0	0	3
620	32	0	1.40909091	0	0	0	0	0	5e-06	0	0	0	0	3
625	32	0	1.42045455	0	0	0	0	0	5e-06	0	0	0	0	3
630	33	0	1.43181818	0	0	0	0	0	5e-06	0	0	0	0	3
635	33	0	1.44318182	0	0	0	0	0	5e-06	0	0	0	0	3
640	33	0	1.45454545	0	0	0	0	0	5e-06	0	0	0	0	3
645	34	0	1.46590909	0	0	0	0	0	5e-06	0	0	0	0	3
650	34	0	1.47727273	0	0	0	0	0	5e-06	0	0	0	0	3
