Iteration	CPUTime	PhysTime	Travels	Value	AvValue	MinValue	MaxValue	Delta	Criteria	PrevAvRefValue	Progress	CriteriaType	CriteriaVarType	CriteriaPercentage
1	0	0	0.00192307692	101585.513	101585.513	101585.513	101585.513	0	0	0	0	0	0	3
5	1	0	0.00961538462	102190.115	101887.814	101585.513	102190.115	302.300947	0	0	0	0	0	3
10	2	0	0.0192307692	102658.354	102144.66	101585.513	102658.354	559.147717	0	0	0	0	0	3
15	2	0	0.0288461538	103036.924	102367.726	101585.513	103036.924	782.21369	0	0	0	0	0	3
20	3	0	0.0384615385	103372.153	102568.612	101585.513	103372.153	983.099084	0	0	0	0	0	3
25	4	0	0.0480769231	103736.211	102763.212	101585.513	103736.211	1177.69903	0	0	0	0	0	3
30	5	0	0.0576923077	104206.595	102969.409	101585.513	104206.595	1383.89669	0	0	0	0	0	3
35	5	0	0.0673076923	104778.49	103195.544	101585.513	104778.49	1610.03175	0	0	0	0	0	3
40	6	0	0.0769230769	105425.276	103443.292	101585.513	105425.276	1857.7797	0	0	0	0	0	3
45	7	0	0.0865384615	106103.029	103709.266	101585.513	106103.029	2123.75334	0	0	0	0	0	3
50	8	0	0.0961538462	106774.044	103987.882	101585.513	106774.044	2402.36956	0	0	0	0	0	3
55	8	0	0.105769231	107409.458	104273.013	101585.513	107409.458	2687.50087	0	0	0	0	0	3
60	9	0	0.115384615	107977.62	104557.983	101585.513	107977.62	2972.47061	0	0	0	0	0	3
65	10	0	0.125	108451.083	104836.062	101585.513	108451.083	3250.5492	0	0	0	0	0	3
70	11	0	0.134615385	108791.475	105099.756	101585.513	108791.475	3514.24338	0	0	0	0	0	3
75	11	0	0.144230769	108969.339	105341.605	101585.513	108969.339	3756.09231	0	0	0	0	0	3
80	12	0	0.153846154	108984.749	105555.908	101585.513	108984.749	3970.39493	0	0	0	0	0	3
85	13	0	0.163461538	108855.618	105739.225	101585.513	108984.749	4153.71216	0	0	0	0	0	3
90	14	0	0.173076923	108614.556	105890.558	101585.513	108984.749	4305.04537	0	0	0	0	0	3
95	14	0	0.182692308	108303.783	106011.219	101585.513	108984.749	4425.70662	0	0	0	0	0	3
100	15	0	0.192307692	107964.615	106104.238	101585.513	108984.749	4518.72548	0	0	0	0	0	3
105	16	0	0.201923077	107631.839	106173.674	101585.513	108984.749	4588.16187	0	0	0	0	0	3
110	17	0	0.211538462	107329.891	106223.945	101585.513	108984.749	4638.43217	0	0	0	0	0	3
115	17	0	0.221153846	107077.076	106259.492	101585.513	108984.749	4673.97931	0	0	0	0	0	3
120	18	0	0.230769231	106879.544	106284.294	101585.513	108984.749	4698.7814	0	0	0	0	0	3
125	19	0	0.240384615	106737.276	106301.716	101585.513	108984.749	4716.20378	0	0	0	0	0	3
130	20	0	0.25	106650.014	106314.616	101585.513	108984.749	4729.10367	0	0	0	0	0	3
135	20	0	0.259615385	106612.947	106325.271	101585.513	108984.749	4739.75835	0	0	0	0	0	3
140	21	0	0.269230769	106620.236	106335.442	101585.513	108984.749	4749.92956	0	0	0	0	0	3
145	22	0	0.278846154	106661.515	106346.311	101585.513	108984.749	4760.79866	0	0	0	0	0	3
150	23	0	0.288461538	106724.796	106358.52	101585.513	108984.749	4773.00786	0	0	0	0	0	3
155	23	0	0.298076923	106802.226	106372.386	101585.513	108984.749	4786.87367	0	0	0	0	0	3
160	24	0	0.307692308	106888.34	106388.021	101585.513	108984.749	4802.50862	0	0	0	0	0	3
165	25	0	0.317307692	106982.482	106405.505	101585.513	108984.749	4819.99277	0	0	0	0	0	3
170	25	0	0.326923077	107083.783	106424.885	101585.513	108984.749	4839.37215	0	0	0	0	0	3
175	26	0	0.336538462	107187.742	106446.075	101585.513	108984.749	4860.56261	0	0	0	0	0	3
180	27	0	0.346153846	107293.712	106468.984	101585.513	108984.749	4883.47172	0	0	0	0	0	3
185	28	0	0.355769231	107403.932	106493.588	101585.513	108984.749	4908.07559	0	0	0	0	0	3
190	28	0	0.365384615	107516.936	106519.828	101585.513	108984.749	4934.31527	0	0	0	0	0	3
195	29	0	0.375	107632.421	106547.643	101585.513	108984.749	4962.1301	0	0	0	0	0	3
200	30	0	0.384615385	107749.081	106576.946	101585.513	108984.749	4991.43347	0	0	0	0	0	3
205	31	0	0.394230769	107865.77	106607.632	101585.513	108984.749	5022.11975	0	0	0	0	0	3
210	32	0	0.403846154	107982.796	106639.613	101585.513	108984.749	5054.1003	0	0	0	0	0	3
215	32	0	0.413461538	108098.877	106672.778	101585.513	108984.749	5087.26539	0	0	0	0	0	3
220	33	0	0.423076923	108211.29	106706.967	101585.513	108984.749	5121.45454	0	0	0	0	0	3
225	34	0	0.432692308	108317.397	106741.977	101585.513	108984.749	5156.4639	0	0	0	0	0	3
230	34	0	0.442307692	108417.207	106777.62	101585.513	108984.749	5192.1071	0	0	0	0	0	3
235	35	0	0.451923077	108510.456	106813.72	101585.513	108984.749	5228.20785	0	0	0	0	0	3
240	36	0	0.461538462	108596.873	106850.111	101585.513	108984.749	5264.59872	0	0	0	0	0	3
245	37	0	0.471153846	108675.264	106886.614	101585.513	108984.749	5301.10176	0	0	0	0	0	3
250	37	0	0.480769231	108746.096	106923.075	101585.513	108984.749	5337.56219	0	0	0	0	0	3
255	38	0	0.490384615	108810.848	106959.378	101585.513	108984.749	5373.86552	0	0	0	0	0	3
260	39	0	0.5	108869.919	106995.426	101585.513	108984.749	5409.91346	0	0	0	0	0	3
265	40	0	0.509615385	108923.207	107133.873	102190.115	108984.749	5246.05957	0	0	0	0	0	3
270	41	0	0.519230769	108971.552	107350.353	103036.924	108984.749	4982.62676	0	0	0	0	0	3
275	41	0	0.528846154	109016.697	107465.349	103372.153	109016.697	4896.73699	0	0	0	0	0	3
280	42	0	0.538461538	109059.387	107574.719	103736.211	109059.387	4811.50693	0	0	0	0	0	3
285	43	0	0.548076923	109099.211	107677.853	104206.595	109099.211	4708.44388	0	0	0	0	0	3
290	43	0	0.557692308	109136.013	107772.65	104778.49	109136.013	4357.52345	0	0	0	0	0	3
295	44	0	0.567307692	109170.465	107857.111	105425.276	109170.465	3745.18884	0	0	0	0	0	3
300	45	0	0.576923077	109203.494	107882.514	105425.276	109203.494	3778.21807	0	0	0	0	0	3
305	46	0	0.586538462	109235.142	107990.002	106612.947	109235.142	2622.19438	0	0	0	0	0	3
310	47	0	0.596153846	109264.473	108037.895	106612.947	109264.473	2651.5255	0	0	0	0	0	3
315	47	0	0.605769231	109291.704	108061.551	106612.947	109291.704	2678.75656	0	0	0	0	0	3
320	48	0	0.615384615	109317.842	108099.865	106612.947	109317.842	2704.8944	0	0	0	0	0	3
325	49	0	0.625	109343.152	108117.02	106612.947	109343.152	2730.20489	0	0	0	0	0	3
330	50	0	0.634615385	109366.844	108128.085	106612.947	109366.844	2753.89689	0	0	0	0	0	3
335	50	0	0.644230769	109388.485	108136.146	106612.947	109388.485	2580.23801	0	0	0	0	0	3
340	51	0	0.653846154	109408.844	108144.301	106612.947	109408.844	2405.07645	0	0	0	0	0	3
345	52	0	0.663461538	109429.025	108155.328	106612.947	109429.025	2264.7703	0	0	0	0	0	3
350	53	0	0.673076923	109448.718	108171.37	106612.947	109448.718	2160.15063	0	0	0	0	0	3
355	53	0	0.682692308	109467.076	108193.741	106612.947	109467.076	2089.50279	0	0	0	0	0	3
360	54	0	0.692307692	109484.434	108222.968	106612.947	109484.434	2049.29369	0	0	0	0	0	3
365	55	0	0.701923077	109501.653	108247.094	106612.947	109501.653	2073.41982	0	0	0	0	0	3
370	56	0	0.711538462	109519.016	108301.025	106612.947	109519.016	2041.53278	0	0	0	0	0	3
375	56	0	0.721153846	109535.871	108348.309	106612.947	109535.871	2064.01521	0	0	0	0	0	3
380	57	0	0.730769231	109551.966	108371.02	106612.947	109551.966	2086.72571	0	0	0	0	0	3
385	58	0	0.740384615	109567.919	108454.137	106612.947	109567.919	2139.52111	0	0	0	0	0	3
390	59	0	0.75	109584.223	108510.564	106612.947	109584.223	2185.29353	0	0	0	0	0	3
395	59	0	0.759615385	109600.582	108531.131	106612.947	109600.582	2205.8599	0	0	0	0	0	3
400	60	0	0.769230769	109616.376	108625.637	106661.515	109616.376	2279.32581	0	0	0	0	0	3
405	61	0	0.778846154	109631.668	108682.755	106724.796	109631.668	2324.23492	0	0	0	0	0	3
410	62	0	0.788461538	109646.895	108738.95	106802.226	109646.895	2366.56331	0	0	0	0	0	3
415	63	0	0.798076923	109661.905	108793.943	106888.34	109661.905	2405.92217	0	0	0	0	0	3
420	63	0	0.807692308	109676.137	108847.555	106982.482	109676.137	2442.0495	0	0	0	0	0	3
425	64	0	0.817307692	109689.619	108899.615	107083.783	109689.619	2474.73044	0	0	0	0	0	3
430	65	0	0.826923077	109702.735	108914.768	107083.783	109702.735	2489.88365	0	0	0	0	0	3
435	66	0	0.836538462	109715.439	108998.589	107293.712	109715.439	2421.72685	0	0	0	0	0	3
440	66	0	0.846153846	109727.436	109045.392	107403.932	109727.436	2323.50452	0	0	0	0	0	3
445	67	0	0.855769231	109738.728	109058.473	107403.932	109738.728	2334.79617	0	0	0	0	0	3
450	68	0	0.865384615	109749.668	109133.229	107632.421	109749.668	2117.24758	0	0	0	0	0	3
455	69	0	0.875	109760.362	109174.151	107749.081	109760.362	2011.28062	0	0	0	0	0	3
460	69	0	0.884615385	109770.63	109185.405	107749.081	109770.63	2021.54909	0	0	0	0	0	3
465	70	0	0.894230769	109780.421	109249.847	107982.796	109780.421	1797.62575	0	0	0	0	0	3
470	71	0	0.903846154	109789.884	109284.598	108098.877	109789.884	1691.00731	0	0	0	0	0	3
475	72	0	0.913461538	109799.045	109317.294	108211.29	109799.045	1587.75492	0	0	0	0	0	3
480	76	0	0.923076923	109807.695	109347.994	108317.397	109807.695	1490.2973	0	0	0	0	0	3
485	77	0	0.932692308	109815.918	109376.812	108417.207	109815.918	1398.71062	0	0	0	0	0	3
490	78	0	0.942307692	109823.773	109403.861	108510.456	109823.773	1313.31796	0	0	0	0	0	3
495	78	0	0.951923077	109831.341	109411.927	108510.456	109831.341	1320.88549	0	0	0	0	0	3
500	79	0	0.961538462	109838.356	109453.137	108675.264	109838.356	1163.09226	0	0	0	0	0	3
505	80	0	0.971153846	109844.915	109475.631	108746.096	109844.915	1098.81891	0	0	0	0	0	3
510	81	0	0.980769231	109851.237	109482.718	108746.096	109851.237	1105.14129	0	0	0	0	0	3
515	82	0	0.990384615	109857.535	109517.012	108869.919	109857.535	987.615983	0	0	0	0	0	3
520	82	0	1	109863.547	109536.12	108923.207	109863.547	940.340195	788.307097	0	0	0	0	3
525	83	0	1.00961538	109869.175	109554.312	108971.552	109869.175	897.622828	788.307097	0	0	0	0	3
530	84	0	1.01923077	109874.639	109560.356	108971.552	109874.639	903.087406	788.307097	0	0	0	0	3
535	85	0	1.02884615	109880.238	109577.501	109016.697	109880.238	863.540937	788.307097	0	0	0	0	3
540	85	0	1.03846154	109885.766	109604.178	109099.211	109885.766	786.554854	788.307097	0	0	0	0	3
545	86	0	1.04807692	109890.891	109619.402	109136.013	109890.891	754.877758	788.307097	0	0	0	0	3
550	87	0	1.05769231	109895.696	109634.011	109170.465	109895.696	725.231451	788.307097	0	0	0	0	3
555	88	0	1.06730769	109900.739	109648.055	109203.494	109900.739	697.245445	788.307097	0	0	0	0	3
560	88	0	1.07692308	109906.184	109661.568	109235.142	109906.184	671.04245	788.307097	0	0	0	0	3
565	89	0	1.08653846	109911.392	109666.282	109235.142	109911.392	676.250989	788.307097	0	0	0	0	3
570	90	0	1.09615385	109916.404	109687.11	109291.704	109916.404	624.700001	788.307097	0	0	0	0	3
575	91	0	1.10576923	109921.65	109699.225	109317.842	109921.65	603.808847	788.307097	0	0	0	0	3
580	91	0	1.11538462	109927.649	109710.952	109343.152	109927.649	584.49746	788.307097	0	0	0	0	3
585	92	0	1.125	109933.738	109722.309	109366.844	109933.738	566.894475	788.307097	0	0	0	0	3
590	93	0	1.13461538	109939.399	109733.32	109388.485	109939.399	550.913695	788.307097	0	0	0	0	3
595	93	0	1.14423077	109944.758	109737.309	109388.485	109944.758	556.272629	788.307097	0	0	0	0	3
600	94	0	1.15384615	109950.651	109747.916	109408.844	109950.651	541.807074	788.307097	0	0	0	0	3
605	95	0	1.16346154	109956.825	109764.587	109448.718	109956.825	508.107504	788.307097	0	0	0	0	3
