Iteration	CPUTime	PhysTime	Travels	Value	AvValue	MinValue	MaxValue	Delta	Criteria	PrevAvRefValue	Progress	CriteriaType	CriteriaVarType	CriteriaPercentage
1	1	0	0.00192307692	158995.712	158995.712	158995.712	158995.712	0	0	0	0	0	0	3
5	1	0	0.00961538462	157903.786	158449.749	157903.786	158995.712	545.963011	0	0	0	0	0	3
10	1	0	0.0192307692	156609.721	157836.406	156609.721	158995.712	1159.30587	0	0	0	0	0	3
15	2	0	0.0288461538	155360.245	157217.366	155360.245	158995.712	1778.34629	0	0	0	0	0	3
20	2	0	0.0384615385	154332.61	156640.415	154332.61	158995.712	2355.29745	0	0	0	0	0	3
25	2	0	0.0480769231	153600.702	156133.796	153600.702	158995.712	2861.91629	0	0	0	0	0	3
30	2	0	0.0576923077	153171.938	155710.673	153171.938	158995.712	3285.0389	0	0	0	0	0	3
35	3	0	0.0673076923	153027.668	155375.298	153027.668	158995.712	3620.41459	0	0	0	0	0	3
40	3	0	0.0769230769	153097.54	155122.213	153027.668	158995.712	3873.4988	0	0	0	0	0	3
45	3	0	0.0865384615	153309.004	154940.892	153027.668	158995.712	4054.81976	0	0	0	0	0	3
50	3	0	0.0961538462	153597.623	154818.777	153027.668	158995.712	4176.93511	0	0	0	0	0	3
55	4	0	0.105769231	153885.054	154740.967	153027.668	158995.712	4254.74534	0	0	0	0	0	3
60	4	0	0.115384615	154100.113	154691.67	153027.668	158995.712	4304.04182	0	0	0	0	0	3
65	4	0	0.125	154189.254	154655.783	153027.668	158995.712	4339.92869	0	0	0	0	0	3
70	5	0	0.134615385	154103.06	154618.935	153027.668	158995.712	4376.77694	0	0	0	0	0	3
75	5	0	0.144230769	153800.383	154567.776	153027.668	158995.712	4427.93647	0	0	0	0	0	3
80	6	0	0.153846154	153289.287	154492.57	153027.668	158995.712	4503.14169	0	0	0	0	0	3
85	6	0	0.163461538	152605.87	154387.754	152605.87	158995.712	4607.9584	0	0	0	0	0	3
90	6	0	0.173076923	151791.623	154251.115	151791.623	158995.712	4744.59686	0	0	0	0	0	3
95	7	0	0.182692308	150901.734	154083.646	150901.734	158995.712	4912.06593	0	0	0	0	0	3
100	7	0	0.192307692	149997.858	153889.085	149997.858	158995.712	5106.62726	0	0	0	0	0	3
105	8	0	0.201923077	149135.329	153673.005	149135.329	158995.712	5322.70708	0	0	0	0	0	3
110	8	0	0.211538462	148349.221	153441.536	148349.221	158995.712	5554.17595	0	0	0	0	0	3
115	9	0	0.221153846	147662.32	153200.735	147662.32	158995.712	5794.97663	0	0	0	0	0	3
120	9	0	0.230769231	147088.094	152956.23	147088.094	158995.712	6039.48231	0	0	0	0	0	3
125	9	0	0.240384615	146626.996	152712.798	146626.996	158995.712	6282.91439	0	0	0	0	0	3
130	10	0	0.25	146267.725	152474.091	146267.725	158995.712	6521.62079	0	0	0	0	0	3
135	10	0	0.259615385	145994.052	152242.661	145994.052	158995.712	6753.05078	0	0	0	0	0	3
140	11	0	0.269230769	145787.201	152020.059	145787.201	158995.712	6975.65284	0	0	0	0	0	3
145	11	0	0.278846154	145625.573	151806.91	145625.573	158995.712	7188.80237	0	0	0	0	0	3
150	12	0	0.288461538	145491.708	151603.194	145491.708	158995.712	7392.51857	0	0	0	0	0	3
155	12	0	0.298076923	145371.754	151408.461	145371.754	158995.712	7587.25106	0	0	0	0	0	3
160	12	0	0.307692308	145262.92	151222.233	145262.92	158995.712	7773.47956	0	0	0	0	0	3
165	13	0	0.317307692	145161.689	151043.981	145161.689	158995.712	7951.73083	0	0	0	0	0	3
170	13	0	0.326923077	145067.092	150873.213	145067.092	158995.712	8122.4991	0	0	0	0	0	3
175	14	0	0.336538462	144978.636	150709.475	144978.636	158995.712	8286.23734	0	0	0	0	0	3
180	14	0	0.346153846	144894.221	150552.306	144894.221	158995.712	8443.40636	0	0	0	0	0	3
185	15	0	0.355769231	144813.181	150401.276	144813.181	158995.712	8594.43595	0	0	0	0	0	3
190	15	0	0.365384615	144731.158	150255.889	144731.158	158995.712	8739.82359	0	0	0	0	0	3
195	15	0	0.375	144648.729	150115.71	144648.729	158995.712	8880.00258	0	0	0	0	0	3
200	16	0	0.384615385	144565.89	149980.348	144565.89	158995.712	9015.36403	0	0	0	0	0	3
205	16	0	0.394230769	144483.135	149849.462	144483.135	158995.712	9146.25005	0	0	0	0	0	3
210	17	0	0.403846154	144403.308	149722.807	144403.308	158995.712	9272.90479	0	0	0	0	0	3
215	17	0	0.413461538	144326.491	149600.164	144326.491	158995.712	9395.54835	0	0	0	0	0	3
220	18	0	0.423076923	144250.193	149481.276	144250.193	158995.712	9514.43659	0	0	0	0	0	3
225	18	0	0.432692308	144177.596	149365.978	144177.596	158995.712	9629.73397	0	0	0	0	0	3
230	19	0	0.442307692	144106.354	149254.071	144106.354	158995.712	9741.64088	0	0	0	0	0	3
235	19	0	0.451923077	144035.842	149145.358	144035.842	158995.712	9850.35399	0	0	0	0	0	3
240	19	0	0.461538462	143966.931	149039.676	143966.931	158995.712	9956.03617	0	0	0	0	0	3
245	20	0	0.471153846	143900.23	148936.887	143900.23	158995.712	10058.8251	0	0	0	0	0	3
250	20	0	0.480769231	143834.653	148836.843	143834.653	158995.712	10158.8689	0	0	0	0	0	3
255	21	0	0.490384615	143770.768	148739.419	143770.768	158995.712	10256.2934	0	0	0	0	0	3
260	21	0	0.5	143706.931	148644.466	143706.931	158995.712	10351.246	0	0	0	0	0	3
265	22	0	0.509615385	143642.734	148354.787	143642.734	157903.786	10094.9618	0	0	0	0	0	3
270	22	0	0.519230769	143578.826	147920.559	143578.826	155360.245	9296.80727	0	0	0	0	0	3
275	22	0	0.528846154	143515.499	147692.775	143515.499	154332.61	8947.63968	0	0	0	0	0	3
280	23	0	0.538461538	143453.631	147483.564	143453.631	154189.254	8650.23198	0	0	0	0	0	3
285	23	0	0.548076923	143394.798	147287.296	143394.798	154189.254	8423.37674	0	0	0	0	0	3
290	24	0	0.557692308	143337.745	147098.177	143337.745	154189.254	8277.12014	0	0	0	0	0	3
295	24	0	0.567307692	143282.851	146910.777	143282.851	154189.254	8211.43625	0	0	0	0	0	3
300	24	0	0.576923077	143229.664	146841.322	143229.664	154189.254	8280.89122	0	0	0	0	0	3
305	25	0	0.586538462	143180.056	146526.223	143180.056	154189.254	8292.55423	0	0	0	0	0	3
310	25	0	0.596153846	143131.043	146324.942	143131.043	154189.254	8416.0244	0	0	0	0	0	3
315	26	0	0.605769231	143085.374	146263.818	143085.374	154189.254	8477.14833	0	0	0	0	0	3
320	26	0	0.615384615	143043.128	145904.622	143043.128	154189.254	8751.16153	0	0	0	0	0	3
325	27	0	0.625	143003.024	145689.502	143003.024	154103.06	8929.43309	0	0	0	0	0	3
330	27	0	0.634615385	142964.368	145475.296	142964.368	153800.383	9092.47917	0	0	0	0	0	3
335	27	0	0.644230769	142927.637	145266.205	142927.637	153289.287	9226.36521	0	0	0	0	0	3
340	28	0	0.653846154	142892.904	145066.275	142892.904	152605.87	9321.47893	0	0	0	0	0	3
345	28	0	0.663461538	142859.188	144878.839	142859.188	151791.623	8932.43477	0	0	0	0	0	3
350	28	0	0.673076923	142825.595	144706.415	142825.595	150901.734	8076.13928	0	0	0	0	0	3
355	29	0	0.682692308	142791.61	144550.451	142791.61	149997.858	7206.24818	0	0	0	0	0	3
360	29	0	0.692307692	142757.185	144411.207	142757.185	149135.329	6378.14403	0	0	0	0	0	3
365	30	0	0.701923077	142722.837	144379.351	142722.837	149135.329	6412.49177	0	0	0	0	0	3
370	30	0	0.711538462	142689.217	144179.044	142689.217	147662.32	4973.10261	0	0	0	0	0	3
375	30	0	0.721153846	142656.707	144082.782	142656.707	147088.094	4431.38623	0	0	0	0	0	3
380	31	0	0.730769231	142625.583	144055.288	142625.583	147088.094	4462.51056	0	0	0	0	0	3
385	31	0	0.740384615	142594.783	143919.422	142594.783	146267.725	3672.94202	0	0	0	0	0	3
390	31	0	0.75	142564.061	143848.198	142564.061	145994.052	3429.99109	0	0	0	0	0	3
395	32	0	0.759615385	142534.234	143823.406	142534.234	145994.052	3459.81723	0	0	0	0	0	3
400	32	0	0.769230769	142505.539	143718.554	142505.539	145625.573	3120.0345	0	0	0	0	0	3
405	33	0	0.778846154	142478.508	143658.033	142478.508	145491.708	3013.19986	0	0	0	0	0	3
410	33	0	0.788461538	142452.931	143599.595	142452.931	145371.754	2918.82278	0	0	0	0	0	3
415	34	0	0.798076923	142428.144	143542.988	142428.144	145262.92	2834.77591	0	0	0	0	0	3
420	34	0	0.807692308	142404.15	143488.011	142404.15	145161.689	2757.53958	0	0	0	0	0	3
425	34	0	0.817307692	142381.137	143434.539	142381.137	145067.092	2685.95516	0	0	0	0	0	3
430	35	0	0.826923077	142358.024	143414.227	142358.024	145067.092	2709.06783	0	0	0	0	0	3
435	35	0	0.836538462	142335.322	143331.609	142335.322	144894.221	2558.89881	0	0	0	0	0	3
440	36	0	0.846153846	142312.919	143281.968	142312.919	144813.181	2500.26245	0	0	0	0	0	3
445	36	0	0.855769231	142291.172	143263.274	142291.172	144813.181	2522.00953	0	0	0	0	0	3
450	37	0	0.865384615	142269.663	143186.132	142269.663	144648.729	2379.06569	0	0	0	0	0	3
455	37	0	0.875	142249.553	143139.994	142249.553	144565.89	2316.33725	0	0	0	0	0	3
460	37	0	0.884615385	142229.655	143122.817	142229.655	144565.89	2336.2348	0	0	0	0	0	3
465	38	0	0.894230769	142210.716	143051.366	142210.716	144403.308	2192.59205	0	0	0	0	0	3
470	38	0	0.903846154	142192.455	143008.849	142192.455	144326.491	2134.03553	0	0	0	0	0	3
475	39	0	0.913461538	142175.39	142967.482	142175.39	144250.193	2074.80257	0	0	0	0	0	3
480	39	0	0.923076923	142158.613	142927.259	142158.613	144177.596	2018.98309	0	0	0	0	0	3
485	40	0	0.932692308	142142.984	142888.132	142142.984	144106.354	1963.36966	0	0	0	0	0	3
490	40	0	0.942307692	142127.573	142850.079	142127.573	144035.842	1908.26901	0	0	0	0	0	3
495	41	0	0.951923077	142112.848	142836.169	142112.848	144035.842	1922.99355	0	0	0	0	0	3
500	41	0	0.961538462	142098.353	142777.164	142098.353	143900.23	1801.87703	0	0	0	0	0	3
505	42	0	0.971153846	142084.792	142742.251	142084.792	143834.653	1749.86123	0	0	0	0	0	3
510	42	0	0.980769231	142070.935	142729.585	142070.935	143834.653	1763.71838	0	0	0	0	0	3
515	42	0	0.990384615	142057.369	142675.384	142057.369	143706.931	1649.56173	0	0	0	0	0	3
520	43	0	1	142044.554	142643.415	142044.554	143642.734	1598.1798	1822.41602	0	100	0	0	3
525	43	0	1.00961538	142032.002	142612.439	142032.002	143578.826	1546.82455	1822.41602	0	100	0	0	3
530	44	0	1.01923077	142020.123	142601.264	142020.123	143578.826	1558.70266	1822.41602	0	100	0	0	3
535	44	0	1.02884615	142008.357	142571.632	142008.357	143515.499	1507.14228	1822.41602	0	100	0	0	3
540	44	0	1.03846154	141996.001	142525.45	141996.001	143394.798	1398.79695	1822.41602	0	100	0	0	3
545	45	0	1.04807692	141984.123	142498.321	141984.123	143337.745	1353.62157	1822.41602	0	100	0	0	3
550	45	0	1.05769231	141972.584	142472.068	141972.584	143282.851	1310.26711	1822.41602	0	100	0	0	3
555	45	0	1.06730769	141961.603	142446.659	141961.603	143229.664	1268.06044	1822.41602	0	100	0	0	3
560	46	0	1.07692308	141951.307	142422.076	141951.307	143180.056	1228.7492	1822.41602	0	100	0	0	3
565	46	0	1.08653846	141941.105	142413.001	141941.105	143180.056	1238.9515	1822.41602	0	100	0	0	3
570	47	0	1.09615385	141932.461	142375.2	141932.461	143085.374	1152.91308	1822.41602	0	100	0	0	3
575	47	0	1.10576923	141924.216	142352.87	141924.216	143043.128	1118.91219	1822.41602	0	100	0	0	3
580	47	0	1.11538462	141916.373	142331.202	141916.373	143003.024	1086.6515	1822.41602	0	100	0	0	3
585	48	0	1.125	141909.354	142310.17	141909.354	142964.368	1055.01348	1822.41602	0	100	0	0	3
590	48	0	1.13461538	141902.186	142289.743	141902.186	142927.637	1025.45127	1822.41602	0	100	0	0	3
595	49	0	1.14423077	141894.677	142282.289	141894.677	142927.637	1032.96037	1822.41602	0	100	0	0	3
600	49	0	1.15384615	141887.875	142262.671	141887.875	142892.904	1005.02919	1822.41602	0	100	0	0	3
605	49	0	1.16346154	141880.857	142231.737	141880.857	142825.595	944.73776	1822.41602	0	100	0	0	3
610	50	0	1.17307692	141873.168	142213.421	141873.168	142791.61	918.442223	1822.41602	0	100	0	0	3
615	50	0	1.18269231	141865.244	142195.606	141865.244	142757.185	891.941246	1822.41602	0	100	0	0	3
620	50	0	1.19230769	141857.017	142178.295	141857.017	142722.837	865.819765	1822.41602	0	100	0	0	3
625	51	0	1.20192308	141849.064	142161.492	141849.064	142689.217	840.15282	1822.41602	0	100	0	0	3
630	51	0	1.21153846	141841.338	142155.451	141841.338	142689.217	847.879069	1822.41602	0	100	0	0	3
635	51	0	1.22115385	141833.381	142129.353	141833.381	142625.583	792.201515	1822.41602	0	100	0	0	3
640	51	0	1.23076923	141825.278	142113.963	141825.278	142594.783	769.504597	1822.41602	0	100	0	0	3
645	52	0	1.24038462	141817.186	142099.009	141817.186	142564.061	746.874512	1822.41602	0	100	0	0	3
650	52	0	1.25	141809.1	142084.491	141809.1	142534.234	725.134779	1822.41602	0	100	0	0	3
655	52	0	1.25961538	141801.478	142070.399	141801.478	142505.539	704.061075	1822.41602	0	100	0	0	3
660	53	0	1.26923077	141794.228	142065.188	141794.228	142505.539	711.311343	1822.41602	0	100	0	0	3
665	53	0	1.27884615	141787.559	142051.642	141787.559	142478.508	690.948318	1822.41602	0	100	0	0	3
670	53	0	1.28846154	141780.884	142030.509	141780.884	142428.144	647.26016	1822.41602	0	100	0	0	3
675	54	0	1.29807692	141774.515	142017.939	141774.515	142404.15	629.634451	1822.41602	0	100	0	0	3
680	54	0	1.30769231	141768.582	142005.716	141768.582	142381.137	612.555025	1822.41602	0	100	0	0	3
685	54	0	1.31730769	141762.372	141993.817	141762.372	142358.024	595.652255	1822.41602	0	100	0	0	3
690	55	0	1.32692308	141756.365	141982.247	141756.365	142335.322	578.957725	1822.41602	0	100	0	0	3
695	55	0	1.33653846	141750.526	141977.875	141750.526	142335.322	584.796378	1822.41602	0	100	0	0	3
700	56	0	1.34615385	141745.089	141960.081	141745.089	142291.172	546.083094	1822.41602	0	100	0	0	3
