Iteration	CPUTime	PhysTime	Travels	Value	AvValue	MinValue	MaxValue	Delta	Criteria	PrevAvRefValue	Progress	CriteriaType	CriteriaVarType	CriteriaPercentage
1	1	0	0.00192307692	966.184768	966.184768	966.184768	966.184768	0	0	0	0	0	0	3
5	1	0	0.00961538462	1000.14821	983.166488	966.184768	1000.14821	16.98172	0	0	0	0	0	3
10	1	0	0.0192307692	1026.56023	997.631068	966.184768	1026.56023	31.4462996	0	0	0	0	0	3
15	2	0	0.0288461538	1033.23993	1006.53328	966.184768	1033.23993	40.3485142	0	0	0	0	0	3
20	2	0	0.0384615385	1038.03969	1012.83456	966.184768	1038.03969	46.6497958	0	0	0	0	0	3
25	2	0	0.0480769231	1041.53077	1017.61726	966.184768	1041.53077	51.4324964	0	0	0	0	0	3
30	2	0	0.0576923077	1042.84079	1021.22063	966.184768	1042.84079	55.0358573	0	0	0	0	0	3
35	3	0	0.0673076923	1045.03903	1024.19793	966.184768	1045.03903	58.0131577	0	0	0	0	0	3
40	3	0	0.0769230769	1047.5273	1026.79008	966.184768	1047.5273	60.6053099	0	0	0	0	0	3
45	3	0	0.0865384615	1049.59933	1029.071	966.184768	1049.59933	62.8862351	0	0	0	0	0	3
50	3	0	0.0961538462	1050.91174	1031.05653	966.184768	1050.91174	64.8717568	0	0	0	0	0	3
55	4	0	0.105769231	1049.60847	1032.60252	966.184768	1050.91174	66.4177519	0	0	0	0	0	3
60	4	0	0.115384615	1045.24882	1033.57531	966.184768	1050.91174	67.3905446	0	0	0	0	0	3
65	4	0	0.125	1038.17424	1033.90381	966.184768	1050.91174	67.7190394	0	0	0	0	0	3
70	5	0	0.134615385	1029.50826	1033.61077	966.184768	1050.91174	67.7190394	0	0	0	0	0	3
75	5	0	0.144230769	1019.77418	1032.74598	966.184768	1050.91174	67.7190394	0	0	0	0	0	3
80	6	0	0.153846154	1009.58608	1031.38364	966.184768	1050.91174	67.7190394	0	0	0	0	0	3
85	6	0	0.163461538	999.48053	1029.61124	966.184768	1050.91174	67.7190394	0	0	0	0	0	3
90	6	0	0.173076923	989.768354	1027.51425	966.184768	1050.91174	67.7190394	0	0	0	0	0	3
95	7	0	0.182692308	980.356957	1025.15638	966.184768	1050.91174	67.7190394	0	0	0	0	0	3
100	7	0	0.192307692	971.457318	1022.59929	966.184768	1050.91174	67.7190394	0	0	0	0	0	3
105	8	0	0.201923077	963.577566	1019.91648	963.577566	1050.91174	67.7190394	0	0	0	0	0	3
110	8	0	0.211538462	957.248134	1017.19177	957.248134	1050.91174	67.7190394	0	0	0	0	0	3
115	9	0	0.221153846	952.513233	1014.49683	952.513233	1050.91174	67.7190394	0	0	0	0	0	3
120	9	0	0.230769231	949.440836	1011.89459	949.440836	1050.91174	67.7190394	0	0	0	0	0	3
125	9	0	0.240384615	948.217032	1009.44545	948.217032	1050.91174	67.7190394	0	0	0	0	0	3
130	10	0	0.25	948.826459	1007.20031	948.217032	1050.91174	67.7190394	0	0	0	0	0	3
135	10	0	0.259615385	950.803135	1005.18612	948.217032	1050.91174	67.7190394	0	0	0	0	0	3
140	11	0	0.269230769	953.170457	1003.39248	948.217032	1050.91174	67.7190394	0	0	0	0	0	3
145	11	0	0.278846154	955.163458	1001.78484	948.217032	1050.91174	67.7190394	0	0	0	0	0	3
150	12	0	0.288461538	956.60685	1000.32749	948.217032	1050.91174	67.7190394	0	0	0	0	0	3
155	12	0	0.298076923	957.407792	998.986248	948.217032	1050.91174	67.7190394	0	0	0	0	0	3
160	12	0	0.307692308	957.736479	997.736255	948.217032	1050.91174	67.7190394	0	0	0	0	0	3
165	13	0	0.317307692	957.781733	996.561122	948.217032	1050.91174	67.7190394	0	0	0	0	0	3
170	13	0	0.326923077	957.715257	995.45124	948.217032	1050.91174	67.7190394	0	0	0	0	0	3
175	14	0	0.336538462	957.576666	994.399169	948.217032	1050.91174	67.7190394	0	0	0	0	0	3
180	14	0	0.346153846	957.369514	993.398367	948.217032	1050.91174	67.7190394	0	0	0	0	0	3
185	15	0	0.355769231	957.048505	992.441792	948.217032	1050.91174	67.7190394	0	0	0	0	0	3
190	15	0	0.365384615	956.715587	991.525736	948.217032	1050.91174	67.7190394	0	0	0	0	0	3
195	15	0	0.375	956.538638	990.651058	948.217032	1050.91174	67.7190394	0	0	0	0	0	3
200	16	0	0.384615385	956.550681	989.819342	948.217032	1050.91174	67.7190394	0	0	0	0	0	3
205	16	0	0.394230769	956.738915	989.031712	948.217032	1050.91174	67.7190394	0	0	0	0	0	3
210	17	0	0.403846154	957.121684	988.289619	948.217032	1050.91174	67.7190394	0	0	0	0	0	3
215	17	0	0.413461538	957.804009	987.596764	948.217032	1050.91174	67.7190394	0	0	0	0	0	3
220	18	0	0.423076923	958.767222	986.956107	948.217032	1050.91174	67.7190394	0	0	0	0	0	3
225	18	0	0.432692308	959.992072	986.369933	948.217032	1050.91174	67.7190394	0	0	0	0	0	3
230	19	0	0.442307692	961.342791	985.83744	948.217032	1050.91174	67.7190394	0	0	0	0	0	3
235	19	0	0.451923077	962.693646	985.355278	948.217032	1050.91174	67.7190394	0	0	0	0	0	3
240	19	0	0.461538462	963.963272	984.918706	948.217032	1050.91174	67.7190394	0	0	0	0	0	3
245	20	0	0.471153846	965.062614	984.521585	948.217032	1050.91174	67.7190394	0	0	0	0	0	3
250	20	0	0.480769231	965.924009	984.156926	948.217032	1050.91174	67.7190394	0	0	0	0	0	3
255	21	0	0.490384615	966.503987	983.817447	948.217032	1050.91174	67.7190394	0	0	0	0	0	3
260	21	0	0.5	966.808409	983.496521	948.217032	1050.91174	67.7190394	0	0	0	0	0	3
265	22	0	0.509615385	966.945061	983.510867	948.217032	1050.91174	50.7373194	0	0	0	0	0	3
270	22	0	0.519230769	967.101624	982.047483	948.217032	1050.91174	51.8563246	0	0	0	0	0	3
275	22	0	0.528846154	967.378585	980.780919	948.217032	1050.91174	53.1228888	0	0	0	0	0	3
280	23	0	0.538461538	967.777026	979.429714	948.217032	1050.91174	54.4740939	0	0	0	0	0	3
285	23	0	0.548076923	968.303493	978.021497	948.217032	1050.91174	55.8823107	0	0	0	0	0	3
290	24	0	0.557692308	968.938466	976.600298	948.217032	1050.91174	57.3035093	0	0	0	0	0	3
295	24	0	0.567307692	969.649546	975.150501	948.217032	1050.91174	58.753307	0	0	0	0	0	3
300	24	0	0.576923077	970.393963	975.060755	948.217032	1050.91174	58.843053	0	0	0	0	0	3
305	25	0	0.586538462	971.145031	972.158431	948.217032	1050.91174	61.7453769	0	0	0	0	0	3
310	25	0	0.596153846	971.859471	970.638195	948.217032	1049.60847	63.2656128	0	0	0	0	0	3
315	26	0	0.605769231	972.524345	970.673782	948.217032	1049.60847	63.2656128	0	0	0	0	0	3
320	26	0	0.615384615	973.14184	967.769135	948.217032	1038.17424	66.1346726	0	0	0	0	0	3
325	27	0	0.625	973.721872	966.529666	948.217032	1029.50826	67.081105	0	0	0	0	0	3
330	27	0	0.634615385	974.279504	965.467575	948.217032	1019.77418	67.2784098	0	0	0	0	0	3
335	27	0	0.644230769	974.822235	964.603114	948.217032	1009.58608	61.3690456	0	0	0	0	0	3
340	28	0	0.653846154	975.356243	963.944848	948.217032	999.48053	51.2634979	0	0	0	0	0	3
345	28	0	0.663461538	975.88137	963.491018	948.217032	989.768354	41.5513214	0	0	0	0	0	3
350	28	0	0.673076923	976.402305	963.233979	948.217032	980.356957	32.1399245	0	0	0	0	0	3
355	29	0	0.682692308	976.917394	963.167833	948.217032	976.917394	28.7003613	0	0	0	0	0	3
360	29	0	0.692307692	977.428915	963.282672	948.217032	977.428915	29.2118833	0	0	0	0	0	3
365	30	0	0.701923077	977.934406	963.55912	948.217032	977.934406	29.7173738	0	0	0	0	0	3
370	30	0	0.711538462	978.431913	963.966145	948.217032	978.431913	30.214881	0	0	0	0	0	3
375	30	0	0.721153846	978.923021	964.474026	948.217032	978.923021	30.7059888	0	0	0	0	0	3
380	31	0	0.730769231	979.415033	964.755932	948.217032	979.415033	31.198001	0	0	0	0	0	3
385	31	0	0.740384615	979.918697	965.6601	948.826459	979.918697	31.0922389	0	0	0	0	0	3
390	31	0	0.75	980.39539	966.267195	950.803135	980.39539	29.5922553	0	0	0	0	0	3
395	32	0	0.759615385	980.862411	966.542576	950.803135	980.862411	30.0592762	0	0	0	0	0	3
400	32	0	0.769230769	981.342539	967.387029	955.163458	981.342539	26.1790809	0	0	0	0	0	3
405	33	0	0.778846154	981.839003	967.90002	956.538638	981.839003	25.3003651	0	0	0	0	0	3
410	33	0	0.788461538	982.362991	968.39533	956.538638	982.362991	25.824353	0	0	0	0	0	3
415	34	0	0.798076923	982.895885	968.885486	956.538638	982.895885	26.357247	0	0	0	0	0	3
420	34	0	0.807692308	983.439153	969.379768	956.538638	983.439153	26.9005144	0	0	0	0	0	3
425	34	0	0.817307692	983.980111	969.883583	956.538638	983.980111	27.4414729	0	0	0	0	0	3
430	35	0	0.826923077	984.521687	970.159774	956.538638	984.521687	27.9830486	0	0	0	0	0	3
435	35	0	0.836538462	985.05576	970.927536	956.538638	985.05576	28.5171212	0	0	0	0	0	3
440	36	0	0.846153846	985.571313	971.469878	956.538638	985.571313	29.0326743	0	0	0	0	0	3
445	36	0	0.855769231	986.065517	971.745267	956.538638	986.065517	29.2739586	0	0	0	0	0	3
450	37	0	0.865384615	986.542329	972.601488	956.538638	986.542329	27.4832247	0	0	0	0	0	3
455	37	0	0.875	986.977291	973.186847	956.550681	986.977291	26.6515082	0	0	0	0	0	3
460	37	0	0.884615385	987.373022	973.454511	956.550681	987.373022	26.6515082	0	0	0	0	0	3
465	38	0	0.894230769	987.743858	974.375833	957.121684	987.743858	25.1217853	0	0	0	0	0	3
470	38	0	0.903846154	988.083162	974.971246	957.804009	988.083162	24.4289305	0	0	0	0	0	3
475	39	0	0.913461538	988.390331	975.559445	958.767222	988.390331	23.788274	0	0	0	0	0	3
480	39	0	0.923076923	988.672241	976.134541	959.992072	988.672241	23.2020994	0	0	0	0	0	3
485	40	0	0.932692308	988.935511	976.691146	961.342791	988.935511	22.669607	0	0	0	0	0	3
490	40	0	0.942307692	989.185525	977.226583	962.693646	989.185525	22.1874446	0	0	0	0	0	3
495	41	0	0.951923077	989.425213	977.456746	962.693646	989.425213	22.1874446	0	0	0	0	0	3
500	41	0	0.961538462	989.647767	978.234584	965.062614	989.647767	21.3537512	0	0	0	0	0	3
505	42	0	0.971153846	989.862506	978.711505	965.924009	989.862506	20.9890929	0	0	0	0	0	3
510	42	0	0.980769231	990.078521	978.925977	965.924009	990.078521	20.9890929	0	0	0	0	0	3
515	42	0	0.990384615	990.298479	979.633602	966.808409	990.298479	20.3430332	0	0	0	0	0	3
520	43	0	1	990.513866	980.089476	966.945061	990.513866	20.3430332	11.8008545	0	58	0	0	3
525	43	0	1.00961538	990.724773	980.546778	967.101624	990.724773	18.8796496	11.8008545	0	62.5	0	0	3
530	44	0	1.01923077	990.915885	980.742421	967.101624	990.915885	18.8796496	11.8008545	0	62.5	0	0	3
535	44	0	1.02884615	991.095699	981.19514	967.378585	991.095699	18.0273064	11.8008545	0	65.4	0	0	3
540	44	0	1.03846154	991.260231	981.912443	968.303493	991.260231	18.7446095	11.8008545	0	62.9	0	0	3
545	45	0	1.04807692	991.411001	982.356818	968.938466	991.411001	19.1889847	11.8008545	0	61.4	0	0	3
550	45	0	1.05769231	991.549038	982.791637	969.649546	991.549038	19.6238034	11.8008545	0	60.1	0	0	3
555	45	0	1.06730769	991.682257	983.215343	970.393963	991.682257	20.0475094	11.8008545	0	58.8	0	0	3
560	46	0	1.07692308	991.820271	983.627387	971.145031	991.820271	20.4595537	11.8008545	0	57.6	0	0	3
565	46	0	1.08653846	991.955882	983.784529	971.145031	991.955882	20.6166951	11.8008545	0	57.2	0	0	3
570	47	0	1.09615385	992.094773	984.416736	972.524345	992.094773	19.5704281	11.8008545	0	60.2	0	0	3
575	47	0	1.10576923	992.240403	984.795891	973.14184	992.240403	19.0985621	11.8008545	0	61.7	0	0	3
580	47	0	1.11538462	992.379471	985.165846	973.721872	992.379471	18.6575985	11.8008545	0	63.2	0	0	3
585	48	0	1.125	992.52164	985.52738	974.279504	992.52164	18.2421362	11.8008545	0	64.6	0	0	3
590	48	0	1.13461538	992.668362	985.881012	974.822235	992.668362	17.8461274	11.8008545	0	66.1	0	0	3
595	49	0	1.14423077	992.811144	986.011769	974.822235	992.811144	17.9889093	11.8008545	0	65.6	0	0	3
600	49	0	1.15384615	992.964079	986.354068	975.356243	992.964079	17.6078364	11.8008545	0	67	0	0	3
605	49	0	1.16346154	993.11582	986.896996	976.402305	993.11582	16.7135154	11.8008545	0	70.6	0	0	3
610	50	0	1.17307692	993.278366	987.221536	976.917394	993.278366	16.3609725	11.8008545	0	72.1	0	0	3
615	50	0	1.18269231	993.439235	987.539263	977.428915	993.439235	16.0103192	11.8008545	0	73.7	0	0	3
620	50	0	1.19230769	993.599952	987.850245	977.934406	993.599952	15.6655458	11.8008545	0	75.3	0	0	3
625	51	0	1.20192308	993.760212	988.154587	978.431913	993.760212	15.3282992	11.8008545	0	76.9	0	0	3
630	51	0	1.21153846	993.910268	988.263185	978.431913	993.910268	15.478355	11.8008545	0	76.2	0	0	3
635	51	0	1.22115385	994.060412	988.743352	979.415033	994.060412	14.6453789	11.8008545	0	80.5	0	0	3
640	51	0	1.23076923	994.195433	989.02759	979.918697	994.195433	14.2767356	11.8008545	0	82.6	0	0	3
645	52	0	1.24038462	994.333091	989.30479	980.39539	994.333091	13.9377011	11.8008545	0	84.6	0	0	3
650	52	0	1.25	994.462383	989.575309	980.862411	994.462383	13.5999724	11.8008545	0	86.7	0	0	3
655	52	0	1.25961538	994.593077	989.83936	981.342539	994.593077	13.2505376	11.8008545	0	89	0	0	3
660	53	0	1.26923077	994.710084	989.931261	981.342539	994.710084	13.3675446	11.8008545	0	88.2	0	0	3
665	53	0	1.27884615	994.824771	990.185643	981.839003	994.824771	12.9857671	11.8008545	0	90.8	0	0	3
670	53	0	1.28846154	994.928554	990.5878	982.895885	994.928554	12.0326687	11.8008545	0	98	0	0	3
675	54	0	1.29807692	995.035687	990.821258	983.439153	995.035687	11.596534	11.8008545	0	100	0	0	3
680	54	0	1.30769231	995.145213	991.046374	983.980111	995.145213	11.1651015	11.8008545	0	100	0	0	3
685	54	0	1.31730769	995.246571	991.263037	984.521687	995.246571	10.7248844	11.8008545	0	100	0	0	3
690	55	0	1.32692308	995.350176	991.471277	985.05576	995.350176	10.2944163	11.8008545	0	100	0	0	3
695	55	0	1.33653846	995.439627	991.546152	985.05576	995.439627	10.3838672	11.8008545	0	100	0	0	3
700	56	0	1.34615385	995.531127	991.862502	986.065517	995.531127	9.46560985	11.8008545	0	100	0	0	3
