Iteration	CPUTime	PhysTime	Travels	Value	AvValue	MinValue	MaxValue	Delta	Criteria	PrevAvRefValue	Progress	CriteriaType	CriteriaVarType	CriteriaPercentage
1	1	0	0.00192307692	0	0	0	0	0	0	0	0	0	0	3
5	1	0	0.00961538462	0	0	0	0	0	0	0	0	0	0	3
10	1	0	0.0192307692	0	0	0	0	0	0	0	0	0	0	3
15	2	0	0.0288461538	0	0	0	0	0	0	0	0	0	0	3
20	2	0	0.0384615385	0	0	0	0	0	0	0	0	0	0	3
25	2	0	0.0480769231	0	0	0	0	0	0	0	0	0	0	3
30	3	0	0.0576923077	0	0	0	0	0	0	0	0	0	0	3
35	3	0	0.0673076923	0	0	0	0	0	0	0	0	0	0	3
40	3	0	0.0769230769	0	0	0	0	0	0	0	0	0	0	3
45	4	0	0.0865384615	0	0	0	0	0	0	0	0	0	0	3
50	4	0	0.0961538462	0	0	0	0	0	0	0	0	0	0	3
55	4	0	0.105769231	0	0	0	0	0	0	0	0	0	0	3
60	5	0	0.115384615	0	0	0	0	0	0	0	0	0	0	3
65	5	0	0.125	0	0	0	0	0	0	0	0	0	0	3
70	6	0	0.134615385	0	0	0	0	0	0	0	0	0	0	3
75	6	0	0.144230769	0	0	0	0	0	0	0	0	0	0	3
80	6	0	0.153846154	0	0	0	0	0	0	0	0	0	0	3
85	7	0	0.163461538	0	0	0	0	0	0	0	0	0	0	3
90	7	0	0.173076923	0	0	0	0	0	0	0	0	0	0	3
95	7	0	0.182692308	0	0	0	0	0	0	0	0	0	0	3
100	8	0	0.192307692	0	0	0	0	0	0	0	0	0	0	3
105	8	0	0.201923077	0	0	0	0	0	0	0	0	0	0	3
110	9	0	0.211538462	0	0	0	0	0	0	0	0	0	0	3
115	9	0	0.221153846	0	0	0	0	0	0	0	0	0	0	3
120	9	0	0.230769231	0	0	0	0	0	0	0	0	0	0	3
125	10	0	0.240384615	0	0	0	0	0	0	0	0	0	0	3
130	10	0	0.25	0	0	0	0	0	0	0	0	0	0	3
135	10	0	0.259615385	0	0	0	0	0	0	0	0	0	0	3
140	11	0	0.269230769	0	0	0	0	0	0	0	0	0	0	3
145	11	0	0.278846154	0	0	0	0	0	0	0	0	0	0	3
150	11	0	0.288461538	0	0	0	0	0	0	0	0	0	0	3
155	12	0	0.298076923	0	0	0	0	0	0	0	0	0	0	3
160	12	0	0.307692308	0	0	0	0	0	0	0	0	0	0	3
165	13	0	0.317307692	0	0	0	0	0	0	0	0	0	0	3
170	13	0	0.326923077	0	0	0	0	0	0	0	0	0	0	3
175	13	0	0.336538462	0	0	0	0	0	0	0	0	0	0	3
180	14	0	0.346153846	0	0	0	0	0	0	0	0	0	0	3
185	14	0	0.355769231	0	0	0	0	0	0	0	0	0	0	3
190	14	0	0.365384615	0	0	0	0	0	0	0	0	0	0	3
195	15	0	0.375	0	0	0	0	0	0	0	0	0	0	3
200	15	0	0.384615385	0	0	0	0	0	0	0	0	0	0	3
205	16	0	0.394230769	0	0	0	0	0	0	0	0	0	0	3
210	16	0	0.403846154	0	0	0	0	0	0	0	0	0	0	3
215	17	0	0.413461538	0	0	0	0	0	0	0	0	0	0	3
220	17	0	0.423076923	0	0	0	0	0	0	0	0	0	0	3
225	17	0	0.432692308	0	0	0	0	0	0	0	0	0	0	3
230	18	0	0.442307692	0	0	0	0	0	0	0	0	0	0	3
235	18	0	0.451923077	0	0	0	0	0	0	0	0	0	0	3
240	18	0	0.461538462	0	0	0	0	0	0	0	0	0	0	3
245	19	0	0.471153846	0	0	0	0	0	0	0	0	0	0	3
250	19	0	0.480769231	0	0	0	0	0	0	0	0	0	0	3
255	20	0	0.490384615	0	0	0	0	0	0	0	0	0	0	3
260	20	0	0.5	0	0	0	0	0	0	0	0	0	0	3
265	20	0	0.509615385	0	0	0	0	0	0	0	0	0	0	3
270	21	0	0.519230769	0	0	0	0	0	0	0	0	0	0	3
275	21	0	0.528846154	0	0	0	0	0	0	0	0	0	0	3
280	21	0	0.538461538	0	0	0	0	0	0	0	0	0	0	3
285	22	0	0.548076923	0	0	0	0	0	0	0	0	0	0	3
290	22	0	0.557692308	0	0	0	0	0	0	0	0	0	0	3
295	22	0	0.567307692	0	0	0	0	0	0	0	0	0	0	3
300	23	0	0.576923077	0	0	0	0	0	0	0	0	0	0	3
305	23	0	0.586538462	0	0	0	0	0	0	0	0	0	0	3
310	24	0	0.596153846	0	0	0	0	0	0	0	0	0	0	3
315	24	0	0.605769231	0	0	0	0	0	0	0	0	0	0	3
320	25	0	0.615384615	0	0	0	0	0	0	0	0	0	0	3
325	25	0	0.625	0	0	0	0	0	0	0	0	0	0	3
330	25	0	0.634615385	0	0	0	0	0	0	0	0	0	0	3
335	26	0	0.644230769	0	0	0	0	0	0	0	0	0	0	3
340	26	0	0.653846154	0	0	0	0	0	0	0	0	0	0	3
345	26	0	0.663461538	0	0	0	0	0	0	0	0	0	0	3
350	27	0	0.673076923	0	0	0	0	0	0	0	0	0	0	3
355	27	0	0.682692308	0	0	0	0	0	0	0	0	0	0	3
360	28	0	0.692307692	0	0	0	0	0	0	0	0	0	0	3
365	28	0	0.701923077	0	0	0	0	0	0	0	0	0	0	3
370	28	0	0.711538462	0	0	0	0	0	0	0	0	0	0	3
375	29	0	0.721153846	0	0	0	0	0	0	0	0	0	0	3
380	29	0	0.730769231	0	0	0	0	0	0	0	0	0	0	3
385	30	0	0.740384615	0	0	0	0	0	0	0	0	0	0	3
390	30	0	0.75	0	0	0	0	0	0	0	0	0	0	3
395	30	0	0.759615385	0	0	0	0	0	0	0	0	0	0	3
400	31	0	0.769230769	0	0	0	0	0	0	0	0	0	0	3
405	31	0	0.778846154	0	0	0	0	0	0	0	0	0	0	3
410	32	0	0.788461538	0	0	0	0	0	0	0	0	0	0	3
415	32	0	0.798076923	0	0	0	0	0	0	0	0	0	0	3
420	33	0	0.807692308	0	0	0	0	0	0	0	0	0	0	3
425	33	0	0.817307692	0	0	0	0	0	0	0	0	0	0	3
430	33	0	0.826923077	0	0	0	0	0	0	0	0	0	0	3
435	34	0	0.836538462	0	0	0	0	0	0	0	0	0	0	3
440	34	0	0.846153846	0	0	0	0	0	0	0	0	0	0	3
445	35	0	0.855769231	0	0	0	0	0	0	0	0	0	0	3
450	35	0	0.865384615	0	0	0	0	0	0	0	0	0	0	3
455	36	0	0.875	0	0	0	0	0	0	0	0	0	0	3
460	36	0	0.884615385	0	0	0	0	0	0	0	0	0	0	3
465	36	0	0.894230769	0	0	0	0	0	0	0	0	0	0	3
470	37	0	0.903846154	0	0	0	0	0	0	0	0	0	0	3
475	37	0	0.913461538	0	0	0	0	0	0	0	0	0	0	3
480	38	0	0.923076923	0	0	0	0	0	0	0	0	0	0	3
485	38	0	0.932692308	0	0	0	0	0	0	0	0	0	0	3
490	39	0	0.942307692	0	0	0	0	0	0	0	0	0	0	3
495	39	0	0.951923077	0	0	0	0	0	0	0	0	0	0	3
500	39	0	0.961538462	0	0	0	0	0	0	0	0	0	0	3
505	40	0	0.971153846	0	0	0	0	0	0	0	0	0	0	3
510	40	0	0.980769231	0	0	0	0	0	0	0	0	0	0	3
515	41	0	0.990384615	0	0	0	0	0	0	0	0	0	0	3
520	41	0	1	0	0	0	0	0	5e-06	0	0	0	0	3
525	42	0	1.00961538	0	0	0	0	0	5e-06	0	0	0	0	3
530	42	0	1.01923077	0	0	0	0	0	5e-06	0	0	0	0	3
535	42	0	1.02884615	0	0	0	0	0	5e-06	0	0	0	0	3
540	43	0	1.03846154	0	0	0	0	0	5e-06	0	0	0	0	3
545	43	0	1.04807692	0	0	0	0	0	5e-06	0	0	0	0	3
550	44	0	1.05769231	0	0	0	0	0	5e-06	0	0	0	0	3
555	44	0	1.06730769	0	0	0	0	0	5e-06	0	0	0	0	3
560	44	0	1.07692308	0	0	0	0	0	5e-06	0	0	0	0	3
565	45	0	1.08653846	0	0	0	0	0	5e-06	0	0	0	0	3
570	45	0	1.09615385	0	0	0	0	0	5e-06	0	0	0	0	3
