Iteration	CPUTime	PhysTime	Travels	Value	AvValue	MinValue	MaxValue	Delta	Criteria	PrevAvRefValue	Progress	CriteriaType	CriteriaVarType	CriteriaPercentage
1	0	0	0.00192307692	0.499122922	0.499122922	0.499122922	0.499122922	0	0	0	0	0	0	3
5	1	0	0.00961538462	0.49667865	0.497900786	0.49667865	0.499122922	0.0012221358	0	0	0	0	0	3
10	1	0	0.0192307692	0.493757088	0.496519553	0.493757088	0.499122922	0.00260336834	0	0	0	0	0	3
15	1	0	0.0288461538	0.491313608	0.495218067	0.491313608	0.499122922	0.00390485476	0	0	0	0	0	3
20	2	0	0.0384615385	0.4891094	0.493996334	0.4891094	0.499122922	0.00512658821	0	0	0	0	0	3
25	2	0	0.0480769231	0.487100893	0.492847093	0.487100893	0.499122922	0.00627582825	0	0	0	0	0	3
30	2	0	0.0576923077	0.485518312	0.491800125	0.485518312	0.499122922	0.00732279703	0	0	0	0	0	3
35	3	0	0.0673076923	0.484467677	0.490883569	0.484467677	0.499122922	0.00823935297	0	0	0	0	0	3
40	3	0	0.0769230769	0.483831443	0.490099999	0.483831443	0.499122922	0.00902292252	0	0	0	0	0	3
45	3	0	0.0865384615	0.483506009	0.4894406	0.483506009	0.499122922	0.00968232159	0	0	0	0	0	3
50	4	0	0.0961538462	0.483367113	0.488888465	0.483367113	0.499122922	0.0102344567	0	0	0	0	0	3
55	5	0	0.105769231	0.483441908	0.488434585	0.483367113	0.499122922	0.0106883365	0	0	0	0	0	3
60	5	0	0.115384615	0.483734991	0.488073078	0.483367113	0.499122922	0.0110498438	0	0	0	0	0	3
65	6	0	0.125	0.484195991	0.487796143	0.483367113	0.499122922	0.0113267785	0	0	0	0	0	3
70	7	0	0.134615385	0.484698064	0.487589605	0.483367113	0.499122922	0.0115333171	0	0	0	0	0	3
75	8	0	0.144230769	0.485139942	0.487436501	0.483367113	0.499122922	0.011686421	0	0	0	0	0	3
80	9	0	0.153846154	0.485506887	0.487322994	0.483367113	0.499122922	0.0117999277	0	0	0	0	0	3
85	9	0	0.163461538	0.485850189	0.487241172	0.483367113	0.499122922	0.0118817502	0	0	0	0	0	3
90	10	0	0.173076923	0.486205591	0.487186667	0.483367113	0.499122922	0.0119362545	0	0	0	0	0	3
95	11	0	0.182692308	0.486555337	0.487155101	0.483367113	0.499122922	0.011967821	0	0	0	0	0	3
100	12	0	0.192307692	0.486856377	0.487140876	0.483367113	0.499122922	0.0119820459	0	0	0	0	0	3
105	13	0	0.201923077	0.487071912	0.487137741	0.483367113	0.499122922	0.0119851806	0	0	0	0	0	3
110	14	0	0.211538462	0.487195358	0.487140246	0.483367113	0.499122922	0.0119851806	0	0	0	0	0	3
115	15	0	0.221153846	0.487236303	0.487144249	0.483367113	0.499122922	0.0119851806	0	0	0	0	0	3
120	16	0	0.230769231	0.487214244	0.487147048	0.483367113	0.499122922	0.0119851806	0	0	0	0	0	3
125	17	0	0.240384615	0.487162839	0.487147656	0.483367113	0.499122922	0.0119851806	0	0	0	0	0	3
130	17	0	0.25	0.487113383	0.487146386	0.483367113	0.499122922	0.0119851806	0	0	0	0	0	3
135	18	0	0.259615385	0.48709375	0.487144506	0.483367113	0.499122922	0.0119851806	0	0	0	0	0	3
140	19	0	0.269230769	0.487117043	0.487143559	0.483367113	0.499122922	0.0119851806	0	0	0	0	0	3
145	20	0	0.278846154	0.487188364	0.487145053	0.483367113	0.499122922	0.0119851806	0	0	0	0	0	3
150	20	0	0.288461538	0.487313328	0.487150481	0.483367113	0.499122922	0.0119851806	0	0	0	0	0	3
155	21	0	0.298076923	0.487491271	0.487161131	0.483367113	0.499122922	0.0119851806	0	0	0	0	0	3
160	22	0	0.307692308	0.487714292	0.487177893	0.483367113	0.499122922	0.0119851806	0	0	0	0	0	3
165	23	0	0.317307692	0.487979805	0.487201479	0.483367113	0.499122922	0.0119851806	0	0	0	0	0	3
170	23	0	0.326923077	0.488296234	0.487232758	0.483367113	0.499122922	0.0119851806	0	0	0	0	0	3
175	24	0	0.336538462	0.488654484	0.48727225	0.483367113	0.499122922	0.0119851806	0	0	0	0	0	3
180	25	0	0.346153846	0.489032943	0.487319836	0.483367113	0.499122922	0.0119851806	0	0	0	0	0	3
185	25	0	0.355769231	0.489408413	0.487374799	0.483367113	0.499122922	0.0119851806	0	0	0	0	0	3
190	26	0	0.365384615	0.489764314	0.487436069	0.483367113	0.499122922	0.0119851806	0	0	0	0	0	3
195	27	0	0.375	0.490096545	0.48750258	0.483367113	0.499122922	0.0119851806	0	0	0	0	0	3
200	28	0	0.384615385	0.490405315	0.487573379	0.483367113	0.499122922	0.0119851806	0	0	0	0	0	3
205	29	0	0.394230769	0.490689043	0.487647561	0.483367113	0.499122922	0.0119851806	0	0	0	0	0	3
210	30	0	0.403846154	0.49094507	0.487724248	0.483367113	0.499122922	0.0119851806	0	0	0	0	0	3
215	31	0	0.413461538	0.491178371	0.48780275	0.483367113	0.499122922	0.0119851806	0	0	0	0	0	3
220	31	0	0.423076923	0.491386612	0.487882392	0.483367113	0.499122922	0.0119851806	0	0	0	0	0	3
225	32	0	0.432692308	0.491568181	0.487962518	0.483367113	0.499122922	0.0119851806	0	0	0	0	0	3
230	33	0	0.442307692	0.491721085	0.488042487	0.483367113	0.499122922	0.0119851806	0	0	0	0	0	3
235	34	0	0.451923077	0.491846649	0.48812174	0.483367113	0.499122922	0.0119851806	0	0	0	0	0	3
240	35	0	0.461538462	0.491947107	0.488199809	0.483367113	0.499122922	0.0119851806	0	0	0	0	0	3
245	35	0	0.471153846	0.492028415	0.488276381	0.483367113	0.499122922	0.0119851806	0	0	0	0	0	3
250	36	0	0.480769231	0.492092686	0.488351211	0.483367113	0.499122922	0.0119851806	0	0	0	0	0	3
255	37	0	0.490384615	0.492138686	0.488424047	0.483367113	0.499122922	0.0119851806	0	0	0	0	0	3
260	38	0	0.5	0.492165144	0.488494634	0.483367113	0.499122922	0.0119851806	0	0	0	0	0	3
265	39	0	0.509615385	0.492174377	0.488363529	0.483367113	0.49667865	0.0107630448	0	0	0	0	0	3
270	40	0	0.519230769	0.49216448	0.488172996	0.483367113	0.492174377	0.00808032588	0	0	0	0	0	3
275	40	0	0.528846154	0.49214	0.488188888	0.483367113	0.492174377	0.00685859243	0	0	0	0	0	3
280	41	0	0.538461538	0.492103573	0.488246468	0.483367113	0.492174377	0.00570935239	0	0	0	0	0	3
285	42	0	0.548076923	0.492056012	0.488341759	0.483367113	0.492174377	0.00466238361	0	0	0	0	0	3
290	43	0	0.557692308	0.492005863	0.488466519	0.483367113	0.492174377	0.00374582767	0	0	0	0	0	3
295	44	0	0.567307692	0.491950148	0.488610413	0.483367113	0.492174377	0.00296225812	0	0	0	0	0	3
300	44	0	0.576923077	0.49188451	0.488672189	0.483367113	0.492174377	0.00296225812	0	0	0	0	0	3
305	46	0	0.586538462	0.491814862	0.488925065	0.483367113	0.492174377	0.00178732434	0	0	0	0	0	3
310	47	0	0.596153846	0.491738405	0.489086052	0.483441908	0.492174377	0.00194831071	0	0	0	0	0	3
315	48	0	0.605769231	0.491654674	0.489134516	0.483441908	0.492174377	0.00199677528	0	0	0	0	0	3
320	49	0	0.615384615	0.491567153	0.489394608	0.484195991	0.492174377	0.00225686703	0	0	0	0	0	3
325	49	0	0.625	0.491470881	0.48953451	0.484698064	0.492174377	0.00239676876	0	0	0	0	0	3
330	50	0	0.634615385	0.491372175	0.489662858	0.485139942	0.492174377	0.00252511704	0	0	0	0	0	3
335	51	0	0.644230769	0.491270347	0.489780751	0.485506887	0.492174377	0.00264300944	0	0	0	0	0	3
340	52	0	0.653846154	0.491159638	0.489889457	0.485850189	0.492174377	0.00275171619	0	0	0	0	0	3
345	53	0	0.663461538	0.491048667	0.489989428	0.486205591	0.492174377	0.00285168693	0	0	0	0	0	3
350	54	0	0.673076923	0.490941016	0.490080494	0.486555337	0.492174377	0.00294275281	0	0	0	0	0	3
355	55	0	0.682692308	0.490829846	0.490162696	0.486856377	0.492174377	0.00302495489	0	0	0	0	0	3
360	55	0	0.692307692	0.490720476	0.490237006	0.487071912	0.492174377	0.0030992645	0	0	0	0	0	3
365	56	0	0.701923077	0.490619381	0.49024422	0.487071912	0.492174377	0.00310647913	0	0	0	0	0	3
370	57	0	0.711538462	0.490522285	0.490369206	0.48709375	0.492174377	0.00322564604	0	0	0	0	0	3
375	58	0	0.721153846	0.490430117	0.490430625	0.48709375	0.492174377	0.00328706553	0	0	0	0	0	3
380	59	0	0.730769231	0.490350146	0.490429107	0.48709375	0.492174377	0.00328706553	0	0	0	0	0	3
385	59	0	0.740384615	0.490276498	0.490550809	0.48709375	0.492174377	0.00340724938	0	0	0	0	0	3
390	60	0	0.75	0.49020977	0.490610355	0.48709375	0.492174377	0.00346679528	0	0	0	0	0	3
395	61	0	0.759615385	0.490157873	0.490601817	0.48709375	0.492174377	0.00346679528	0	0	0	0	0	3
400	62	0	0.769230769	0.490115763	0.490726948	0.487188364	0.492174377	0.00358189492	0	0	0	0	0	3
405	63	0	0.778846154	0.4900796	0.490782549	0.487313328	0.492174377	0.00363206737	0	0	0	0	0	3
410	63	0	0.788461538	0.49005853	0.490835341	0.487491271	0.492174377	0.00367421005	0	0	0	0	0	3
415	64	0	0.798076923	0.490046495	0.49088448	0.487714292	0.492174377	0.00370658652	0	0	0	0	0	3
420	65	0	0.807692308	0.490038606	0.490929178	0.487979805	0.492174377	0.00372769922	0	0	0	0	0	3
425	66	0	0.817307692	0.490042496	0.490968845	0.488296234	0.492174377	0.00373608766	0	0	0	0	0	3
430	67	0	0.826923077	0.490054024	0.490951585	0.488296234	0.492174377	0.00373608766	0	0	0	0	0	3
435	67	0	0.836538462	0.49006965	0.491029864	0.489032943	0.492174377	0.00314143382	0	0	0	0	0	3
440	68	0	0.846153846	0.490090263	0.491050197	0.489408413	0.492174377	0.00276596384	0	0	0	0	0	3
445	69	0	0.855769231	0.49011513	0.491032554	0.489408413	0.492174377	0.00276596384	0	0	0	0	0	3
450	70	0	0.865384615	0.490138773	0.491070989	0.490038606	0.492174377	0.00213577051	0	0	0	0	0	3
455	70	0	0.875	0.490167939	0.491072362	0.490038606	0.492174377	0.00213577051	0	0	0	0	0	3
460	71	0	0.884615385	0.490197211	0.491055849	0.490038606	0.492174377	0.00213577051	0	0	0	0	0	3
465	72	0	0.894230769	0.490224605	0.491059428	0.490038606	0.492174377	0.00213577051	0	0	0	0	0	3
470	73	0	0.903846154	0.490252942	0.491046118	0.490038606	0.492174377	0.00213577051	0	0	0	0	0	3
475	73	0	0.913461538	0.490279099	0.491028824	0.490038606	0.492174377	0.00213577051	0	0	0	0	0	3
480	74	0	0.923076923	0.490301704	0.491007961	0.490038606	0.492174377	0.00213577051	0	0	0	0	0	3
485	75	0	0.932692308	0.490323276	0.49098402	0.490038606	0.492174377	0.00213577051	0	0	0	0	0	3
490	76	0	0.942307692	0.490341069	0.490957481	0.490038606	0.492174377	0.00213577051	0	0	0	0	0	3
495	77	0	0.951923077	0.490354878	0.490946112	0.490038606	0.492174377	0.00213577051	0	0	0	0	0	3
500	77	0	0.961538462	0.490367237	0.490898411	0.490038606	0.492174377	0.00213577051	0	0	0	0	0	3
505	78	0	0.971153846	0.490375049	0.490866616	0.490038606	0.492174377	0.00213577051	0	0	0	0	0	3
510	79	0	0.980769231	0.49038131	0.490857459	0.490038606	0.492174377	0.00213577051	0	0	0	0	0	3
515	80	0	0.990384615	0.490385623	0.490799992	0.490038606	0.492174377	0.00213577051	0	0	0	0	0	3
520	81	0	1	0.490383802	0.490765735	0.490038606	0.492174377	0.00213577051	0.00136752079	0	64	0	0	3
525	81	0	1.00961538	0.490384213	0.490731309	0.490038606	0.49216448	0.00212587351	0.00136752079	0	64.3	0	0	3
530	82	0	1.01923077	0.490382252	0.490724723	0.490038606	0.49216448	0.00212587351	0.00136752079	0	64.3	0	0	3
535	83	0	1.02884615	0.49037705	0.490690998	0.490038606	0.49214	0.0021013941	0.00136752079	0	65	0	0	3
540	84	0	1.03846154	0.490371729	0.490629828	0.490038606	0.492056012	0.00201740584	0.00136752079	0	67.7	0	0	3
545	84	0	1.04807692	0.490365168	0.490597312	0.490038606	0.492005863	0.00196725662	0.00136752079	0	69.5	0	0	3
550	85	0	1.05769231	0.490353839	0.490565542	0.490038606	0.491950148	0.0019115421	0.00136752079	0	71.5	0	0	3
555	86	0	1.06730769	0.490345706	0.490534687	0.490038606	0.49188451	0.00184590397	0.00136752079	0	74	0	0	3
560	87	0	1.07692308	0.490335858	0.490504906	0.490038606	0.491814862	0.00177625574	0.00136752079	0	76.9	0	0	3
565	88	0	1.08653846	0.490323517	0.490501483	0.490038606	0.491814862	0.00177625574	0.00136752079	0	76.9	0	0	3
570	88	0	1.09615385	0.490313365	0.490448821	0.490038606	0.491654674	0.001616068	0.00136752079	0	84.6	0	0	3
575	89	0	1.10576923	0.490303719	0.490422841	0.490038606	0.491567153	0.00152854723	0.00136752079	0	89.4	0	0	3
580	90	0	1.11538462	0.490291429	0.490398308	0.490038606	0.491470881	0.00143227529	0.00136752079	0	95.4	0	0	3
585	91	0	1.125	0.490280419	0.490375415	0.490038606	0.491372175	0.00133356859	0.00136752079	0	100	0	0	3
590	91	0	1.13461538	0.490269802	0.490354215	0.490038606	0.491270347	0.00123174126	0.00136752079	0	100	0	0	3
595	92	0	1.14423077	0.490256491	0.490352371	0.490038606	0.491270347	0.00123174126	0.00136752079	0	100	0	0	3
600	93	0	1.15384615	0.49024642	0.490333052	0.490038606	0.491159638	0.00112103184	0.00136752079	0	100	0	0	3
605	94	0	1.16346154	0.490234688	0.490301503	0.490038606	0.490941016	0.000902410017	0.00136752079	0	100	0	0	3
610	95	0	1.17307692	0.490219507	0.490287628	0.490038606	0.490829846	0.000791239859	0.00136752079	0	100	0	0	3
615	95	0	1.18269231	0.490207993	0.490275669	0.490038606	0.490720476	0.00068186994	0.00136752079	0	100	0	0	3
620	96	0	1.19230769	0.49019523	0.490265568	0.490038606	0.490619381	0.000580775043	0.00136752079	0	100	0	0	3
625	97	0	1.20192308	0.490181064	0.490257139	0.490038606	0.490522285	0.000483679401	0.00136752079	0	100	0	0	3
630	98	0	1.21153846	0.490168986	0.490255476	0.490038606	0.490522285	0.000483679401	0.00136752079	0	100	0	0	3
635	98	0	1.22115385	0.490152945	0.490245014	0.490038606	0.490385623	0.000347016746	0.00136752079	0	100	0	0	3
640	99	0	1.23076923	0.49014074	0.490240987	0.490038606	0.490385623	0.000347016746	0.00136752079	0	100	0	0	3
645	100	0	1.24038462	0.490128289	0.490238137	0.490038606	0.490385623	0.000347016746	0.00136752079	0	100	0	0	3
650	101	0	1.25	0.490113507	0.490236286	0.490038606	0.490385623	0.000347016746	0.00136752079	0	100	0	0	3
655	102	0	1.25961538	0.490099453	0.490235162	0.490038606	0.490385623	0.000347016746	0.00136752079	0	100	0	0	3
660	102	0	1.26923077	0.490081885	0.49023227	0.490038606	0.490385623	0.000347016746	0.00136752079	0	100	0	0	3
665	103	0	1.27884615	0.490066613	0.490231343	0.490038606	0.490385623	0.000347016746	0.00136752079	0	100	0	0	3
670	104	0	1.28846154	0.490051472	0.490234126	0.490038606	0.490385623	0.000347016746	0.00136752079	0	100	0	0	3
675	105	0	1.29807692	0.490033274	0.490233871	0.490033274	0.490385623	0.000352348603	0.00136752079	0	100	0	0	3
680	105	0	1.30769231	0.490013425	0.490233387	0.490013425	0.490385623	0.000372198257	0.00136752079	0	100	0	0	3
685	106	0	1.31730769	0.489995088	0.490232475	0.489995088	0.490385623	0.000390534748	0.00136752079	0	100	0	0	3
690	107	0	1.32692308	0.489973736	0.490230931	0.489973736	0.490385623	0.000411887052	0.00136752079	0	100	0	0	3
695	108	0	1.33653846	0.489952205	0.490225672	0.489952205	0.490385623	0.000433418236	0.00136752079	0	100	0	0	3
700	109	0	1.34615385	0.489933269	0.490225654	0.489933269	0.490385623	0.000452353917	0.00136752079	0	100	0	0	3
705	110	0	1.35576923	0.489912896	0.490221765	0.489912896	0.490385623	0.00047272638	0.00136752079	0	100	0	0	3
710	111	0	1.36538462	0.489890887	0.490216997	0.489890887	0.490385623	0.000494735557	0.00136752079	0	100	0	0	3
715	112	0	1.375	0.489872427	0.490211315	0.489872427	0.490385623	0.00051319583	0.00136752079	0	100	0	0	3
720	113	0	1.38461538	0.489851618	0.490204669	0.489851618	0.490385623	0.000534004453	0.00136752079	0	100	0	0	3
725	113	0	1.39423077	0.489829274	0.490197586	0.489829274	0.490385623	0.000556348714	0.00136752079	0	100	0	0	3
730	114	0	1.40384615	0.489810929	0.49018978	0.489810929	0.490385623	0.000574693695	0.00136752079	0	100	0	0	3
735	115	0	1.41346154	0.489790917	0.490179178	0.489790917	0.490385623	0.000594705441	0.00136752079	0	100	0	0	3
740	116	0	1.42307692	0.489769312	0.490168939	0.489769312	0.490385623	0.000616311076	0.00136752079	0	100	0	0	3
745	117	0	1.43269231	0.489752122	0.490157956	0.489752122	0.490385623	0.000633501043	0.00136752079	0	100	0	0	3
750	118	0	1.44230769	0.489733562	0.490146273	0.489733562	0.490385623	0.000652060528	0.00136752079	0	100	0	0	3
755	118	0	1.45192308	0.489713307	0.490133935	0.489713307	0.490385623	0.000672315733	0.00136752079	0	100	0	0	3
760	119	0	1.46153846	0.489697879	0.490125707	0.489697879	0.490385623	0.000687743509	0.00136752079	0	100	0	0	3
765	120	0	1.47115385	0.489681055	0.490107717	0.489681055	0.490385623	0.000704568111	0.00136752079	0	100	0	0	3
770	121	0	1.48076923	0.489662432	0.490093892	0.489662432	0.490385623	0.000706100026	0.00136752079	0	100	0	0	3
775	121	0	1.49038462	0.489648226	0.490079711	0.489648226	0.490384213	0.000686024143	0.00136752079	0	100	0	0	3
780	122	0	1.5	0.489633144	0.490065276	0.489633144	0.490384213	0.000666033648	0.00136752079	0	100	0	0	3
785	123	0	1.50961538	0.489616362	0.490050509	0.489616362	0.490382252	0.000674214021	0.00136752079	0	100	0	0	3
790	124	0	1.51923077	0.489604191	0.490035547	0.489604191	0.49037705	0.000655451638	0.00136752079	0	100	0	0	3
795	125	0	1.52884615	0.489590977	0.49002043	0.489590977	0.490371729	0.000609398303	0.00136752079	0	100	0	0	3
800	125	0	1.53846154	0.489575413	0.490005116	0.489575413	0.490365168	0.000592195829	0.00136752079	0	100	0	0	3
805	126	0	1.54807692	0.489564509	0.489989719	0.489564509	0.490353839	0.000575823425	0.00136752079	0	100	0	0	3
810	127	0	1.55769231	0.489552683	0.489974312	0.489552683	0.490345706	0.000560375617	0.00136752079	0	100	0	0	3
815	128	0	1.56730769	0.489538746	0.489958793	0.489538746	0.490335858	0.00054611232	0.00136752079	0	100	0	0	3
820	129	0	1.57692308	0.489529695	0.48994329	0.489529695	0.490323517	0.000558193046	0.00136752079	0	100	0	0	3
825	129	0	1.58653846	0.489519609	0.48992783	0.489519609	0.490313365	0.000520990922	0.00136752079	0	100	0	0	3
830	130	0	1.59615385	0.489506831	0.48991232	0.489506831	0.490303719	0.000510521293	0.00136752079	0	100	0	0	3
835	131	0	1.60576923	0.489498246	0.48989683	0.489498246	0.490291429	0.000501477993	0.00136752079	0	100	0	0	3
840	132	0	1.61538462	0.489488196	0.489881384	0.489488196	0.490280419	0.000494031269	0.00136752079	0	100	0	0	3
845	133	0	1.625	0.489475763	0.489865909	0.489475763	0.490269802	0.000488305938	0.00136752079	0	100	0	0	3
850	133	0	1.63461538	0.48946733	0.489850477	0.48946733	0.490256491	0.000501894239	0.00136752079	0	100	0	0	3
855	134	0	1.64423077	0.489457571	0.489835113	0.489457571	0.49024642	0.000497938705	0.00136752079	0	100	0	0	3
860	135	0	1.65384615	0.48944504	0.489819702	0.48944504	0.490234688	0.000481800528	0.00136752079	0	100	0	0	3
865	136	0	1.66346154	0.489436755	0.489804357	0.489436755	0.490219507	0.000483270204	0.00136752079	0	100	0	0	3
870	136	0	1.67307692	0.489426724	0.489789112	0.489426724	0.490207993	0.000486557312	0.00136752079	0	100	0	0	3
875	137	0	1.68269231	0.48941415	0.489773845	0.48941415	0.49019523	0.000491722643	0.00136752079	0	100	0	0	3
880	138	0	1.69230769	0.489405342	0.489758655	0.489405342	0.490181064	0.000498483621	0.00136752079	0	100	0	0	3
885	139	0	1.70192308	0.489394639	0.489743532	0.489394639	0.490168986	0.000511943912	0.00136752079	0	100	0	0	3
890	139	0	1.71153846	0.489381075	0.48972838	0.489381075	0.490152945	0.000516634868	0.00136752079	0	100	0	0	3
895	140	0	1.72115385	0.489371461	0.489713351	0.489371461	0.49014074	0.000527636385	0.00136752079	0	100	0	0	3
900	141	0	1.73076923	0.489359957	0.489698336	0.489359957	0.490128289	0.000539801257	0.00136752079	0	100	0	0	3
905	142	0	1.74038462	0.489345237	0.489683277	0.489345237	0.490113507	0.000553008735	0.00136752079	0	100	0	0	3
910	143	0	1.75	0.48933496	0.489668305	0.48933496	0.490099453	0.000566857332	0.00136752079	0	100	0	0	3
915	144	0	1.75961538	0.48932267	0.489653367	0.48932267	0.490081885	0.000580758503	0.00136752079	0	100	0	0	3
920	144	0	1.76923077	0.489306863	0.489638463	0.489306863	0.490066613	0.000595662773	0.00136752079	0	100	0	0	3
925	145	0	1.77884615	0.489295249	0.489623629	0.489295249	0.490051472	0.000610496705	0.00136752079	0	100	0	0	3
930	146	0	1.78846154	0.489282239	0.489608836	0.489282239	0.490033274	0.000625035404	0.00136752079	0	100	0	0	3
935	147	0	1.79807692	0.489266289	0.489594086	0.489266289	0.490013425	0.000639300866	0.00136752079	0	100	0	0	3
940	148	0	1.80769231	0.489253993	0.489579482	0.489253993	0.489995088	0.000652993609	0.00136752079	0	100	0	0	3
945	148	0	1.81730769	0.489240059	0.489564962	0.489240059	0.489973736	0.000665969387	0.00136752079	0	100	0	0	3
950	149	0	1.82692308	0.489222512	0.489550515	0.489222512	0.489952205	0.000675157008	0.00136752079	0	100	0	0	3
955	150	0	1.83653846	0.489209335	0.489536229	0.489209335	0.489933269	0.000689424262	0.00136752079	0	100	0	0	3
960	151	0	1.84615385	0.489195425	0.48952204	0.489195425	0.489912896	0.000699724465	0.00136752079	0	100	0	0	3
965	151	0	1.85576923	0.489177882	0.489507905	0.489177882	0.489890887	0.000709092331	0.00136752079	0	100	0	0	3
970	152	0	1.86538462	0.489164399	0.489493934	0.489164399	0.489872427	0.000708028149	0.00136752079	0	100	0	0	3
975	153	0	1.875	0.489151126	0.489480063	0.489151126	0.489851618	0.000700491856	0.00136752079	0	100	0	0	3
980	154	0	1.88461538	0.489134229	0.489466267	0.489134229	0.489829274	0.000695044612	0.00136752079	0	100	0	0	3
985	155	0	1.89423077	0.489120327	0.489452634	0.489120327	0.489810929	0.000690601702	0.00136752079	0	100	0	0	3
990	155	0	1.90384615	0.489107748	0.489439111	0.489107748	0.489790917	0.000683169735	0.00136752079	0	100	0	0	3
995	156	0	1.91346154	0.489093028	0.48942569	0.489093028	0.489769312	0.000676283254	0.00136752079	0	100	0	0	3
