Iteration	CPUTime	PhysTime	Travels	Value	AvValue	MinValue	MaxValue	Delta	Criteria	PrevAvRefValue	Progress	CriteriaType	CriteriaVarType	CriteriaPercentage
1	0	0	0.00192307692	-960.264346	-960.264346	-960.264346	-960.264346	0	0	0	0	0	0	3
5	1	0	0.00961538462	-958.798317	-959.531332	-960.264346	-958.798317	0.73301467	0	0	0	0	0	3
10	1	0	0.0192307692	-958.895186	-959.319283	-960.264346	-958.798317	0.945063395	0	0	0	0	0	3
15	1	0	0.0288461538	-960.463856	-959.605426	-960.463856	-958.798317	0.945063395	0	0	0	0	0	3
20	2	0	0.0384615385	-963.169997	-960.318341	-963.169997	-958.798317	0.999057534	0	0	0	0	0	3
25	2	0	0.0480769231	-966.186958	-961.296444	-966.186958	-958.798317	1.97716047	0	0	0	0	0	3
30	2	0	0.0576923077	-968.993974	-962.396091	-968.993974	-958.798317	3.07680774	0	0	0	0	0	3
35	3	0	0.0673076923	-971.242316	-963.501869	-971.242316	-958.798317	4.18258587	0	0	0	0	0	3
40	3	0	0.0769230769	-972.852639	-964.540843	-972.852639	-958.798317	5.22156033	0	0	0	0	0	3
45	3	0	0.0865384615	-973.921941	-965.478953	-973.921941	-958.798317	6.15967013	0	0	0	0	0	3
50	4	0	0.0961538462	-974.529934	-966.30177	-974.529934	-958.798317	6.9824866	0	0	0	0	0	3
55	5	0	0.105769231	-974.686945	-967.000534	-974.686945	-958.798317	7.68125122	0	0	0	0	0	3
60	5	0	0.115384615	-974.066237	-967.54405	-974.686945	-958.798317	8.22476678	0	0	0	0	0	3
65	6	0	0.125	-972.424461	-967.892651	-974.686945	-958.798317	8.57336756	0	0	0	0	0	3
70	7	0	0.134615385	-969.614578	-968.007446	-974.686945	-958.798317	8.68816271	0	0	0	0	0	3
75	8	0	0.144230769	-965.955646	-967.879208	-974.686945	-958.798317	8.68816271	0	0	0	0	0	3
80	9	0	0.153846154	-961.848163	-967.524441	-974.686945	-958.798317	8.68816271	0	0	0	0	0	3
85	9	0	0.163461538	-957.84101	-966.986473	-974.686945	-957.84101	8.68816271	0	0	0	0	0	3
90	10	0	0.173076923	-954.447322	-966.326517	-974.686945	-954.447322	8.68816271	0	0	0	0	0	3
95	11	0	0.182692308	-951.922517	-965.606317	-974.686945	-951.922517	8.68816271	0	0	0	0	0	3
100	12	0	0.192307692	-950.422587	-964.883283	-974.686945	-950.422587	8.68816271	0	0	0	0	0	3
105	13	0	0.201923077	-950.027073	-964.208	-974.686945	-950.027073	8.68816271	0	0	0	0	0	3
110	14	0	0.211538462	-950.633058	-963.617785	-974.686945	-950.027073	8.68816271	0	0	0	0	0	3
115	15	0	0.221153846	-951.878243	-963.128638	-974.686945	-950.027073	8.68816271	0	0	0	0	0	3
120	16	0	0.230769231	-953.251922	-962.733569	-974.686945	-950.027073	8.68816271	0	0	0	0	0	3
125	17	0	0.240384615	-954.370048	-962.411895	-974.686945	-950.027073	8.68816271	0	0	0	0	0	3
130	17	0	0.25	-955.046395	-962.139099	-974.686945	-950.027073	8.68816271	0	0	0	0	0	3
135	18	0	0.259615385	-955.171424	-961.890253	-974.686945	-950.027073	8.68816271	0	0	0	0	0	3
140	19	0	0.269230769	-954.69987	-961.642309	-974.686945	-950.027073	8.68816271	0	0	0	0	0	3
145	20	0	0.278846154	-953.689631	-961.37722	-974.686945	-950.027073	8.68816271	0	0	0	0	0	3
150	20	0	0.288461538	-952.369742	-961.086656	-974.686945	-950.027073	8.68816271	0	0	0	0	0	3
155	21	0	0.298076923	-950.982087	-960.770888	-974.686945	-950.027073	8.68816271	0	0	0	0	0	3
160	22	0	0.307692308	-949.769463	-960.437512	-974.686945	-949.769463	8.68816271	0	0	0	0	0	3
165	23	0	0.317307692	-948.824805	-960.095962	-974.686945	-948.824805	8.68816271	0	0	0	0	0	3
170	23	0	0.326923077	-948.126383	-959.753974	-974.686945	-948.126383	8.68816271	0	0	0	0	0	3
175	24	0	0.336538462	-947.727779	-959.419913	-974.686945	-947.727779	8.68816271	0	0	0	0	0	3
180	25	0	0.346153846	-947.65395	-959.101914	-974.686945	-947.65395	8.90553211	0	0	0	0	0	3
185	25	0	0.355769231	-947.873037	-958.806417	-974.686945	-947.65395	9.20102886	0	0	0	0	0	3
190	26	0	0.365384615	-948.266803	-958.53617	-974.686945	-947.65395	9.47127537	0	0	0	0	0	3
195	27	0	0.375	-948.714314	-958.290624	-974.686945	-947.65395	9.71682177	0	0	0	0	0	3
200	28	0	0.384615385	-949.101094	-958.066489	-974.686945	-947.65395	9.94095665	0	0	0	0	0	3
205	29	0	0.394230769	-949.365244	-957.859317	-974.686945	-947.65395	10.1481292	0	0	0	0	0	3
210	30	0	0.403846154	-949.495723	-957.664814	-974.686945	-947.65395	10.3426314	0	0	0	0	0	3
215	31	0	0.413461538	-949.545939	-957.480295	-974.686945	-947.65395	10.5271512	0	0	0	0	0	3
220	31	0	0.423076923	-949.481928	-957.302553	-974.686945	-947.65395	10.7048927	0	0	0	0	0	3
225	32	0	0.432692308	-949.305524	-957.128705	-974.686945	-947.65395	10.8787412	0	0	0	0	0	3
230	33	0	0.442307692	-949.069332	-956.957229	-974.686945	-947.65395	11.0502172	0	0	0	0	0	3
235	34	0	0.451923077	-948.838472	-956.788088	-974.686945	-947.65395	11.219358	0	0	0	0	0	3
240	35	0	0.461538462	-948.674879	-956.622512	-974.686945	-947.65395	11.3849337	0	0	0	0	0	3
245	35	0	0.471153846	-948.598474	-956.462031	-974.686945	-947.65395	11.5454144	0	0	0	0	0	3
250	36	0	0.480769231	-948.577554	-956.307434	-974.686945	-947.65395	11.700012	0	0	0	0	0	3
255	37	0	0.490384615	-948.606433	-956.159338	-974.686945	-947.65395	11.8481082	0	0	0	0	0	3
260	38	0	0.5	-948.679119	-956.018201	-974.686945	-947.65395	11.9892444	0	0	0	0	0	3
265	39	0	0.509615385	-948.750132	-955.800952	-974.686945	-947.65395	12.2064937	0	0	0	0	0	3
270	40	0	0.519230769	-948.788979	-955.54896	-974.686945	-947.65395	12.4584855	0	0	0	0	0	3
275	40	0	0.528846154	-948.783382	-955.324336	-974.686945	-947.65395	12.68311	0	0	0	0	0	3
280	41	0	0.538461538	-948.723517	-955.046519	-974.686945	-947.65395	12.9609269	0	0	0	0	0	3
285	42	0	0.548076923	-948.631111	-954.708906	-974.686945	-947.65395	13.2985394	0	0	0	0	0	3
290	43	0	0.557692308	-948.536765	-954.315499	-974.686945	-947.65395	13.6919472	0	0	0	0	0	3
295	44	0	0.567307692	-948.46826	-953.877536	-974.686945	-947.65395	14.1299098	0	0	0	0	0	3
300	44	0	0.576923077	-948.470885	-953.775524	-974.686945	-947.65395	14.2319221	0	0	0	0	0	3
305	46	0	0.586538462	-948.552715	-952.920786	-974.686945	-947.65395	15.0866595	0	0	0	0	0	3
310	47	0	0.596153846	-948.713591	-952.424318	-974.686945	-947.65395	15.5831276	0	0	0	0	0	3
315	48	0	0.605769231	-948.969909	-952.359141	-974.686945	-947.65395	15.6483052	0	0	0	0	0	3
320	49	0	0.615384615	-949.316804	-951.453809	-972.424461	-947.65395	16.5536366	0	0	0	0	0	3
325	49	0	0.625	-949.734677	-951.017467	-969.614578	-947.65395	16.9899786	0	0	0	0	0	3
330	50	0	0.634615385	-950.188732	-950.643893	-965.955646	-947.65395	17.2353151	0	0	0	0	0	3
335	51	0	0.644230769	-950.640944	-950.34938	-961.848163	-947.65395	14.194213	0	0	0	0	0	3
340	52	0	0.653846154	-951.094935	-950.142587	-957.84101	-947.65395	10.1870596	0	0	0	0	0	3
345	53	0	0.663461538	-951.535177	-950.021321	-955.171424	-947.65395	7.51747371	0	0	0	0	0	3
350	54	0	0.673076923	-951.927097	-949.972855	-955.171424	-947.65395	7.51747371	0	0	0	0	0	3
355	55	0	0.682692308	-952.280778	-949.979745	-955.171424	-947.65395	7.51747371	0	0	0	0	0	3
360	55	0	0.692307692	-952.606236	-950.021738	-955.171424	-947.65395	7.51747371	0	0	0	0	0	3
365	56	0	0.701923077	-952.879361	-950.075655	-955.171424	-947.65395	7.51747371	0	0	0	0	0	3
370	57	0	0.711538462	-953.105421	-950.124135	-955.171424	-947.65395	7.51747371	0	0	0	0	0	3
375	58	0	0.721153846	-953.310652	-950.151681	-955.171424	-947.65395	7.51747371	0	0	0	0	0	3
380	59	0	0.730769231	-953.477524	-950.214433	-955.171424	-947.65395	7.51747371	0	0	0	0	0	3
385	59	0	0.740384615	-953.611653	-950.141435	-955.171424	-947.65395	7.51747371	0	0	0	0	0	3
390	60	0	0.75	-953.738027	-950.116274	-955.171424	-947.65395	7.51747371	0	0	0	0	0	3
395	61	0	0.759615385	-953.837601	-950.186488	-955.171424	-947.65395	7.51747371	0	0	0	0	0	3
400	62	0	0.769230769	-953.909788	-950.07543	-953.909788	-947.65395	6.25583778	0	0	0	0	0	3
405	63	0	0.778846154	-953.979159	-950.080998	-953.979159	-947.65395	6.32520898	0	0	0	0	0	3
410	63	0	0.788461538	-954.024131	-950.112813	-954.024131	-947.65395	6.3701803	0	0	0	0	0	3
415	64	0	0.798076923	-954.032651	-950.171478	-954.032651	-947.65395	6.37870093	0	0	0	0	0	3
420	65	0	0.807692308	-954.029445	-950.2534	-954.032651	-947.65395	6.37870093	0	0	0	0	0	3
425	66	0	0.817307692	-954.002146	-950.352965	-954.032651	-947.65395	6.37870093	0	0	0	0	0	3
430	67	0	0.826923077	-953.931979	-950.420493	-954.032651	-947.65395	6.37870093	0	0	0	0	0	3
435	67	0	0.836538462	-953.844449	-950.582239	-954.032651	-947.65395	6.37870093	0	0	0	0	0	3
440	68	0	0.846153846	-953.743994	-950.699355	-954.032651	-947.873037	6.15961422	0	0	0	0	0	3
445	69	0	0.855769231	-953.62457	-950.754548	-954.032651	-947.873037	6.15961422	0	0	0	0	0	3
450	70	0	0.865384615	-953.506139	-950.910718	-954.032651	-948.46826	5.56439133	0	0	0	0	0	3
455	70	0	0.875	-953.382698	-951.000495	-954.032651	-948.46826	5.56439133	0	0	0	0	0	3
460	71	0	0.884615385	-953.257214	-951.043074	-954.032651	-948.46826	5.56439133	0	0	0	0	0	3
465	72	0	0.894230769	-953.150333	-951.15321	-954.032651	-948.46826	5.56439133	0	0	0	0	0	3
470	73	0	0.903846154	-953.058841	-951.221732	-954.032651	-948.46826	5.56439133	0	0	0	0	0	3
475	73	0	0.913461538	-952.972659	-951.28763	-954.032651	-948.46826	5.56439133	0	0	0	0	0	3
480	74	0	0.923076923	-952.899471	-951.353352	-954.032651	-948.46826	5.56439133	0	0	0	0	0	3
485	75	0	0.932692308	-952.822972	-951.420996	-954.032651	-948.46826	5.56439133	0	0	0	0	0	3
490	76	0	0.942307692	-952.740526	-951.491595	-954.032651	-948.46826	5.56439133	0	0	0	0	0	3
495	77	0	0.951923077	-952.668192	-951.513795	-954.032651	-948.46826	5.56439133	0	0	0	0	0	3
500	77	0	0.961538462	-952.596859	-951.640667	-954.032651	-948.46826	5.56439133	0	0	0	0	0	3
505	78	0	0.971153846	-952.527375	-951.716222	-954.032651	-948.46826	5.56439133	0	0	0	0	0	3
510	79	0	0.980769231	-952.465094	-951.730352	-954.032651	-948.46826	5.56439133	0	0	0	0	0	3
515	80	0	0.990384615	-952.402805	-951.86399	-954.032651	-948.46826	5.56439133	0	0	0	0	0	3
520	81	0	1	-952.355913	-951.934697	-954.032651	-948.46826	5.56439133	2.77715363	0	49.9	0	0	3
525	81	0	1.00961538	-952.308794	-952.003133	-954.032651	-948.46826	5.56439133	2.77715363	0	49.9	0	0	3
530	82	0	1.01923077	-952.25768	-952.007936	-954.032651	-948.46826	5.56439133	2.77715363	0	49.9	0	0	3
535	83	0	1.02884615	-952.218621	-952.072646	-954.032651	-948.46826	5.35148087	2.77715363	0	51.8	0	0	3
540	84	0	1.03846154	-952.190995	-952.202584	-954.032651	-948.46826	4.73605149	2.77715363	0	58.6	0	0	3
545	84	0	1.04807692	-952.157983	-952.270408	-954.032651	-948.46826	4.34264361	2.77715363	0	63.9	0	0	3
550	85	0	1.05769231	-952.136025	-952.339625	-954.032651	-948.46826	3.90468099	2.77715363	0	71.1	0	0	3
555	86	0	1.06730769	-952.120683	-952.409864	-954.032651	-948.470885	3.80266871	2.77715363	0	73	0	0	3
560	87	0	1.07692308	-952.098582	-952.479627	-954.032651	-948.552715	2.94793136	2.77715363	0	94.2	0	0	3
565	88	0	1.08653846	-952.088466	-952.472247	-954.032651	-948.552715	2.94793136	2.77715363	0	94.2	0	0	3
570	88	0	1.09615385	-952.088746	-952.612529	-954.032651	-948.969909	2.63967399	2.77715363	0	100	0	0	3
575	89	0	1.10576923	-952.07632	-952.672268	-954.032651	-949.316804	2.69941265	2.77715363	0	100	0	0	3
580	90	0	1.11538462	-952.069757	-952.725209	-954.032651	-949.734677	2.75235404	2.77715363	0	100	0	0	3
585	91	0	1.125	-952.071724	-952.770152	-954.032651	-950.188732	2.79729725	2.77715363	0	99.2	0	0	3
590	91	0	1.13461538	-952.064255	-952.80622	-954.032651	-950.640944	2.83336502	2.77715363	0	98	0	0	3
595	92	0	1.14423077	-952.065709	-952.792248	-954.032651	-950.640944	2.83336502	2.77715363	0	98	0	0	3
600	93	0	1.15384615	-952.071902	-952.819247	-954.032651	-951.094935	2.84639232	2.77715363	0	97.5	0	0	3
605	94	0	1.16346154	-952.071105	-952.862713	-954.032651	-951.927097	2.10555439	2.77715363	0	100	0	0	3
610	95	0	1.17307692	-952.084717	-952.865745	-954.032651	-952.064255	1.96839571	2.77715363	0	100	0	0	3
615	95	0	1.18269231	-952.098329	-952.862236	-954.032651	-952.064255	1.96839571	2.77715363	0	100	0	0	3
620	96	0	1.19230769	-952.102054	-952.85254	-954.032651	-952.064255	1.96839571	2.77715363	0	100	0	0	3
625	97	0	1.20192308	-952.113371	-952.83781	-954.032651	-952.064255	1.96839571	2.77715363	0	100	0	0	3
630	98	0	1.21153846	-952.12851	-952.824427	-954.032651	-952.064255	1.96839571	2.77715363	0	100	0	0	3
635	98	0	1.22115385	-952.14946	-952.796692	-954.032651	-952.064255	1.96839571	2.77715363	0	100	0	0	3
640	99	0	1.23076923	-952.169342	-952.771535	-954.032651	-952.064255	1.96839571	2.77715363	0	100	0	0	3
645	100	0	1.24038462	-952.180366	-952.74401	-954.032651	-952.064255	1.96839571	2.77715363	0	100	0	0	3
650	101	0	1.25	-952.199401	-952.714421	-954.032651	-952.064255	1.96839571	2.77715363	0	100	0	0	3
655	102	0	1.25961538	-952.219649	-952.683307	-954.032651	-952.064255	1.96839571	2.77715363	0	100	0	0	3
660	102	0	1.26923077	-952.240291	-952.674948	-954.032651	-952.064255	1.96839571	2.77715363	0	100	0	0	3
665	103	0	1.27884615	-952.26133	-952.643845	-954.032651	-952.064255	1.96839571	2.77715363	0	100	0	0	3
670	104	0	1.28846154	-952.265949	-952.584355	-954.032651	-952.064255	1.96839571	2.77715363	0	100	0	0	3
675	105	0	1.29807692	-952.273118	-952.550517	-954.029445	-952.064255	1.96519	2.77715363	0	100	0	0	3
680	105	0	1.30769231	-952.289288	-952.517053	-954.002146	-952.064255	1.93789097	2.77715363	0	100	0	0	3
685	106	0	1.31730769	-952.295154	-952.484226	-953.931979	-952.064255	1.86772305	2.77715363	0	100	0	0	3
690	107	0	1.32692308	-952.294857	-952.452743	-953.844449	-952.064255	1.78019359	2.77715363	0	100	0	0	3
695	108	0	1.33653846	-952.30811	-952.450014	-953.844449	-952.064255	1.78019359	2.77715363	0	100	0	0	3
700	109	0	1.34615385	-952.309324	-952.395608	-953.62457	-952.064255	1.56031489	2.77715363	0	100	0	0	3
705	110	0	1.35576923	-952.308605	-952.370301	-953.506139	-952.064255	1.44188341	2.77715363	0	100	0	0	3
710	111	0	1.36538462	-952.321228	-952.347514	-953.382698	-952.064255	1.31844283	2.77715363	0	100	0	0	3
715	112	0	1.375	-952.323214	-952.32714	-953.257214	-952.064255	1.19295841	2.77715363	0	100	0	0	3
720	113	0	1.38461538	-952.32168	-952.309149	-953.150333	-952.064255	1.08607757	2.77715363	0	100	0	0	3
725	113	0	1.39423077	-952.330392	-952.309549	-953.150333	-952.064255	1.08607757	2.77715363	0	100	0	0	3
730	114	0	1.40384615	-952.325186	-952.293981	-953.058841	-952.064255	0.994585411	2.77715363	0	100	0	0	3
735	115	0	1.41346154	-952.313144	-952.266589	-952.899471	-952.064255	0.83521546	2.77715363	0	100	0	0	3
740	116	0	1.42307692	-952.31714	-952.25539	-952.822972	-952.064255	0.758716721	2.77715363	0	100	0	0	3
745	117	0	1.43269231	-952.31431	-952.245608	-952.740526	-952.064255	0.676270665	2.77715363	0	100	0	0	3
750	118	0	1.44230769	-952.304323	-952.23722	-952.668192	-952.064255	0.603936885	2.77715363	0	100	0	0	3
755	118	0	1.45192308	-952.306746	-952.230269	-952.596859	-952.064255	0.532603146	2.77715363	0	100	0	0	3
760	119	0	1.46153846	-952.298738	-952.231561	-952.596859	-952.064255	0.532603146	2.77715363	0	100	0	0	3
765	120	0	1.47115385	-952.282876	-952.219834	-952.465094	-952.064255	0.400838273	2.77715363	0	100	0	0	3
770	121	0	1.48076923	-952.284478	-952.21636	-952.402805	-952.064255	0.338549912	2.77715363	0	100	0	0	3
775	121	0	1.49038462	-952.279208	-952.213984	-952.355913	-952.064255	0.291657593	2.77715363	0	100	0	0	3
780	122	0	1.5	-952.266124	-952.212257	-952.330392	-952.064255	0.266136228	2.77715363	0	100	0	0	3
785	123	0	1.50961538	-952.270894	-952.211528	-952.330392	-952.064255	0.266136228	2.77715363	0	100	0	0	3
790	124	0	1.51923077	-952.268499	-952.211736	-952.330392	-952.064255	0.266136228	2.77715363	0	100	0	0	3
795	125	0	1.52884615	-952.260659	-952.212544	-952.330392	-952.064255	0.266136228	2.77715363	0	100	0	0	3
800	125	0	1.53846154	-952.270239	-952.214068	-952.330392	-952.064255	0.266136228	2.77715363	0	100	0	0	3
805	126	0	1.54807692	-952.272424	-952.216269	-952.330392	-952.064255	0.266136228	2.77715363	0	100	0	0	3
810	127	0	1.55769231	-952.27009	-952.218847	-952.330392	-952.064255	0.266136228	2.77715363	0	100	0	0	3
815	128	0	1.56730769	-952.280838	-952.221927	-952.330392	-952.064255	0.266136228	2.77715363	0	100	0	0	3
820	129	0	1.57692308	-952.282145	-952.225457	-952.330392	-952.064255	0.266136228	2.77715363	0	100	0	0	3
825	129	0	1.58653846	-952.276476	-952.229073	-952.330392	-952.064255	0.266136228	2.77715363	0	100	0	0	3
830	130	0	1.59615385	-952.284973	-952.232846	-952.330392	-952.064255	0.266136228	2.77715363	0	100	0	0	3
835	131	0	1.60576923	-952.286945	-952.236897	-952.330392	-952.064255	0.266136228	2.77715363	0	100	0	0	3
840	132	0	1.61538462	-952.283628	-952.24101	-952.330392	-952.064255	0.266136228	2.77715363	0	100	0	0	3
845	133	0	1.625	-952.293302	-952.245271	-952.330392	-952.064255	0.266136228	2.77715363	0	100	0	0	3
850	133	0	1.63461538	-952.29401	-952.249689	-952.330392	-952.065709	0.264682526	2.77715363	0	100	0	0	3
855	134	0	1.64423077	-952.286731	-952.25394	-952.330392	-952.071105	0.25928668	2.77715363	0	100	0	0	3
860	135	0	1.65384615	-952.294622	-952.258223	-952.330392	-952.071105	0.25928668	2.77715363	0	100	0	0	3
865	136	0	1.66346154	-952.296228	-952.262552	-952.330392	-952.084717	0.245675178	2.77715363	0	100	0	0	3
870	136	0	1.67307692	-952.29533	-952.266602	-952.330392	-952.098329	0.232062425	2.77715363	0	100	0	0	3
875	137	0	1.68269231	-952.30905	-952.270655	-952.330392	-952.102054	0.228337235	2.77715363	0	100	0	0	3
880	138	0	1.69230769	-952.315646	-952.274762	-952.330392	-952.113371	0.217020691	2.77715363	0	100	0	0	3
885	139	0	1.70192308	-952.317335	-952.278685	-952.330392	-952.12851	0.20188151	2.77715363	0	100	0	0	3
890	139	0	1.71153846	-952.333287	-952.282623	-952.333287	-952.14946	0.183827521	2.77715363	0	100	0	0	3
895	140	0	1.72115385	-952.337561	-952.28624	-952.337561	-952.169342	0.168219619	2.77715363	0	100	0	0	3
900	141	0	1.73076923	-952.336913	-952.289462	-952.337561	-952.180366	0.157195275	2.77715363	0	100	0	0	3
905	142	0	1.74038462	-952.349505	-952.292715	-952.349505	-952.199401	0.150104605	2.77715363	0	100	0	0	3
910	143	0	1.75	-952.354259	-952.295693	-952.354259	-952.219649	0.134610342	2.77715363	0	100	0	0	3
915	144	0	1.75961538	-952.352575	-952.298249	-952.354259	-952.240291	0.113968432	2.77715363	0	100	0	0	3
920	144	0	1.76923077	-952.366228	-952.300671	-952.366228	-952.260659	0.10556873	2.77715363	0	100	0	0	3
925	145	0	1.77884615	-952.3732	-952.302823	-952.3732	-952.260659	0.112541066	2.77715363	0	100	0	0	3
930	146	0	1.78846154	-952.372735	-952.304876	-952.3732	-952.260659	0.112541066	2.77715363	0	100	0	0	3
935	147	0	1.79807692	-952.384796	-952.307024	-952.384796	-952.260659	0.124136906	2.77715363	0	100	0	0	3
940	148	0	1.80769231	-952.394661	-952.30905	-952.394661	-952.260659	0.134001878	2.77715363	0	100	0	0	3
945	148	0	1.81730769	-952.395643	-952.310983	-952.395643	-952.260659	0.134983907	2.77715363	0	100	0	0	3
950	149	0	1.82692308	-952.412194	-952.313239	-952.412194	-952.260659	0.151535217	2.77715363	0	100	0	0	3
955	150	0	1.83653846	-952.422047	-952.31543	-952.422047	-952.260659	0.161387982	2.77715363	0	100	0	0	3
960	151	0	1.84615385	-952.422015	-952.317598	-952.422047	-952.260659	0.158773185	2.77715363	0	100	0	0	3
965	151	0	1.85576923	-952.43385	-952.320006	-952.43385	-952.260659	0.135986432	2.77715363	0	100	0	0	3
970	152	0	1.86538462	-952.445689	-952.3224	-952.445689	-952.260659	0.115611726	2.77715363	0	100	0	0	3
975	153	0	1.875	-952.436418	-952.324577	-952.445689	-952.260659	0.113048621	2.77715363	0	100	0	0	3
980	154	0	1.88461538	-952.43821	-952.326818	-952.445689	-952.260659	0.115289568	2.77715363	0	100	0	0	3
985	155	0	1.89423077	-952.447749	-952.329074	-952.447749	-952.260659	0.117546437	2.77715363	0	100	0	0	3
990	155	0	1.90384615	-952.4412	-952.331305	-952.447749	-952.260659	0.119777486	2.77715363	0	100	0	0	3
995	156	0	1.91346154	-952.441666	-952.333777	-952.447749	-952.260659	0.122249066	2.77715363	0	100	0	0	3
