Iteration	CPUTime	PhysTime	Travels	Value	AvValue	MinValue	MaxValue	Delta	Criteria	PrevAvRefValue	Progress	CriteriaType	CriteriaVarType	CriteriaPercentage
1	0	0	0.00227272727	17633.7201	17633.7201	17633.7201	17633.7201	0	0	0	0	0	0	3
5	1	0	0.0113636364	17414.9419	17524.331	17414.9419	17633.7201	109.389063	0	0	0	0	0	3
10	1	0	0.0227272727	17183.1844	17410.6155	17183.1844	17633.7201	223.104592	0	0	0	0	0	3
15	1	0	0.0340909091	16977.2141	17302.2651	16977.2141	17633.7201	331.454941	0	0	0	0	0	3
20	1	0	0.0454545455	16804.3934	17202.6908	16804.3934	17633.7201	431.029285	0	0	0	0	0	3
25	1	0	0.0568181818	16664.0095	17112.9106	16664.0095	17633.7201	520.8095	0	0	0	0	0	3
30	2	0	0.0681818182	16557.0794	17033.5061	16557.0794	17633.7201	600.21395	0	0	0	0	0	3
35	2	0	0.0795454545	16484.8623	16964.9256	16484.8623	17633.7201	668.794422	0	0	0	0	0	3
40	2	0	0.0909090909	16442.2308	16906.8484	16442.2308	17633.7201	726.871625	0	0	0	0	0	3
45	2	0	0.102272727	16416.2035	16857.7839	16416.2035	17633.7201	775.936119	0	0	0	0	0	3
50	2	0	0.113636364	16393.8101	16815.6045	16393.8101	17633.7201	818.115559	0	0	0	0	0	3
55	2	0	0.125	16366.6854	16778.1946	16366.6854	17633.7201	855.525485	0	0	0	0	0	3
60	3	0	0.136363636	16333.1175	16743.9579	16333.1175	17633.7201	889.762187	0	0	0	0	0	3
65	3	0	0.147727273	16293.4792	16711.7808	16293.4792	17633.7201	921.939232	0	0	0	0	0	3
70	3	0	0.159090909	16251.0353	16681.0645	16251.0353	17633.7201	952.655602	0	0	0	0	0	3
75	3	0	0.170454545	16208.9962	16651.5602	16208.9962	17633.7201	982.159867	0	0	0	0	0	3
80	3	0	0.181818182	16169.8545	16623.2246	16169.8545	17633.7201	1010.4955	0	0	0	0	0	3
85	3	0	0.193181818	16136.5385	16596.1865	16136.5385	17633.7201	1037.53361	0	0	0	0	0	3
90	4	0	0.204545455	16110.2019	16570.6083	16110.2019	17633.7201	1063.11174	0	0	0	0	0	3
95	4	0	0.215909091	16091.4107	16546.6484	16091.4107	17633.7201	1087.07162	0	0	0	0	0	3
100	4	0	0.227272727	16078.9984	16524.3794	16078.9984	17633.7201	1109.34067	0	0	0	0	0	3
105	4	0	0.238636364	16072.7873	16503.8525	16072.7873	17633.7201	1129.86758	0	0	0	0	0	3
110	5	0	0.25	16072.2451	16485.0869	16072.2451	17633.7201	1148.63312	0	0	0	0	0	3
115	5	0	0.261363636	16076.9204	16468.08	16072.2451	17633.7201	1165.64006	0	0	0	0	0	3
120	5	0	0.272727273	16085.589	16452.7804	16072.2451	17633.7201	1180.9397	0	0	0	0	0	3
125	5	0	0.284090909	16097.4468	16439.1137	16072.2451	17633.7201	1194.60637	0	0	0	0	0	3
130	6	0	0.295454545	16111.3645	16426.9748	16072.2451	17633.7201	1206.74524	0	0	0	0	0	3
135	6	0	0.306818182	16126.3006	16416.2365	16072.2451	17633.7201	1217.4836	0	0	0	0	0	3
140	6	0	0.318181818	16141.0086	16406.7458	16072.2451	17633.7201	1226.97422	0	0	0	0	0	3
145	6	0	0.329545455	16155.1183	16398.3583	16072.2451	17633.7201	1235.3618	0	0	0	0	0	3
150	7	0	0.340909091	16167.6686	16390.9167	16072.2451	17633.7201	1242.8034	0	0	0	0	0	3
155	7	0	0.352272727	16178.4515	16384.2771	16072.2451	17633.7201	1249.44294	0	0	0	0	0	3
160	7	0	0.363636364	16186.5957	16378.2868	16072.2451	17633.7201	1255.43329	0	0	0	0	0	3
165	7	0	0.375	16192.0263	16372.8085	16072.2451	17633.7201	1260.91154	0	0	0	0	0	3
170	8	0	0.386363636	16195.0677	16367.7302	16072.2451	17633.7201	1265.98985	0	0	0	0	0	3
175	8	0	0.397727273	16195.7004	16362.9516	16072.2451	17633.7201	1270.76845	0	0	0	0	0	3
180	8	0	0.409090909	16193.9015	16358.3827	16072.2451	17633.7201	1275.33737	0	0	0	0	0	3
185	8	0	0.420454545	16190.2025	16353.9569	16072.2451	17633.7201	1279.76317	0	0	0	0	0	3
190	9	0	0.431818182	16184.5607	16349.6134	16072.2451	17633.7201	1284.10666	0	0	0	0	0	3
195	9	0	0.443181818	16177.2506	16345.3043	16072.2451	17633.7201	1288.41573	0	0	0	0	0	3
200	9	0	0.454545455	16168.4573	16340.991	16072.2451	17633.7201	1292.72908	0	0	0	0	0	3
205	10	0	0.465909091	16158.3817	16336.6431	16072.2451	17633.7201	1297.07691	0	0	0	0	0	3
210	10	0	0.477272727	16147.3093	16332.24	16072.2451	17633.7201	1301.48003	0	0	0	0	0	3
215	10	0	0.488636364	16135.2988	16327.7641	16072.2451	17633.7201	1305.95597	0	0	0	0	0	3
220	10	0	0.5	16122.2955	16323.1981	16072.2451	17633.7201	1310.52193	0	0	0	0	0	3
225	11	0	0.511363636	16108.6589	16263.7253	16072.2451	17183.1844	1110.93929	0	0	0	0	0	3
230	11	0	0.522727273	16094.3714	16238.9795	16072.2451	16977.2141	904.96895	0	0	0	0	0	3
235	11	0	0.534090909	16079.3585	16218.5737	16072.2451	16804.3934	732.14828	0	0	0	0	0	3
240	11	0	0.545454545	16064.0141	16215.1391	16064.0141	16804.3934	740.379296	0	0	0	0	0	3
245	12	0	0.556818182	16048.428	16198.3398	16048.428	16664.0095	615.581487	0	0	0	0	0	3
250	12	0	0.568181818	16033.1066	16175.848	16033.1066	16484.8623	451.755718	0	0	0	0	0	3
255	12	0	0.579545455	16018.2503	16165.2431	16018.2503	16442.2308	423.980476	0	0	0	0	0	3
260	12	0	0.590909091	16004.207	16155.2881	16004.207	16416.2035	411.996483	0	0	0	0	0	3
265	13	0	0.602272727	15990.9607	16145.6235	15990.9607	16393.8101	402.8494	0	0	0	0	0	3
270	13	0	0.613636364	15978.5189	16136.185	15978.5189	16366.6854	388.166481	0	0	0	0	0	3
275	13	0	0.625	15967.0375	16127.1021	15967.0375	16333.1175	366.079942	0	0	0	0	0	3
280	14	0	0.636363636	15956.4622	16118.5418	15956.4622	16293.4792	337.017086	0	0	0	0	0	3
285	14	0	0.647727273	15946.7506	16110.6616	15946.7506	16251.0353	304.284666	0	0	0	0	0	3
290	14	0	0.659090909	15937.9968	16103.5471	15937.9968	16208.9962	270.9994	0	0	0	0	0	3
295	14	0	0.670454545	15929.7501	16097.2006	15929.7501	16195.7004	265.950307	0	0	0	0	0	3
300	15	0	0.681818182	15922.3677	16093.3154	15922.3677	16195.7004	273.332695	0	0	0	0	0	3
305	15	0	0.693181818	15915.4593	16086.5513	15915.4593	16195.7004	280.241155	0	0	0	0	0	3
310	15	0	0.704545455	15909.2249	16081.9837	15909.2249	16195.7004	286.475551	0	0	0	0	0	3
315	15	0	0.715909091	15903.2139	16077.7065	15903.2139	16195.7004	292.486506	0	0	0	0	0	3
320	16	0	0.727272727	15897.6197	16073.5842	15897.6197	16195.7004	298.080755	0	0	0	0	0	3
325	16	0	0.738636364	15892.2265	16069.4806	15892.2265	16195.7004	303.47391	0	0	0	0	0	3
330	16	0	0.75	15887.0941	16065.2726	15887.0941	16195.7004	308.606346	0	0	0	0	0	3
335	17	0	0.761363636	15882.0334	16060.8433	15882.0334	16195.7004	313.666997	0	0	0	0	0	3
340	17	0	0.772727273	15876.959	16056.1018	15876.959	16195.7004	318.741443	0	0	0	0	0	3
345	17	0	0.784090909	15871.8503	16052.0073	15871.8503	16195.7004	323.850117	0	0	0	0	0	3
350	17	0	0.795454545	15866.8092	16046.882	15866.8092	16195.7004	328.891263	0	0	0	0	0	3
355	18	0	0.806818182	15861.6262	16041.3323	15861.6262	16195.7004	334.07425	0	0	0	0	0	3
360	18	0	0.818181818	15856.1496	16032.9271	15856.1496	16195.7004	339.55087	0	0	0	0	0	3
365	18	0	0.829545455	15850.4896	16026.0037	15850.4896	16195.7004	345.210799	0	0	0	0	0	3
370	18	0	0.840909091	15844.72	16018.664	15844.72	16195.7004	350.980404	0	0	0	0	0	3
375	19	0	0.852272727	15838.7115	16010.9426	15838.7115	16195.7004	356.988968	0	0	0	0	0	3
380	19	0	0.863636364	15832.5408	16002.8959	15832.5408	16195.7004	363.159591	0	0	0	0	0	3
385	19	0	0.875	15826.3338	15994.5847	15826.3338	16195.7004	369.366663	0	0	0	0	0	3
390	19	0	0.886363636	15820.0296	15986.0611	15820.0296	16195.7004	375.670825	0	0	0	0	0	3
395	20	0	0.897727273	15813.6224	15977.3775	15813.6224	16193.9015	380.279036	0	0	0	0	0	3
400	20	0	0.909090909	15807.3	15973.598	15807.3	16193.9015	384.784664	0	0	0	0	0	3
405	20	0	0.920454545	15800.8669	15964.8639	15800.8669	16190.2025	389.092969	0	0	0	0	0	3
410	20	0	0.931818182	15794.4947	15956.0704	15794.4947	16184.5607	390.065942	0	0	0	0	0	3
415	21	0	0.943181818	15788.3415	15942.0386	15788.3415	16168.4573	380.115826	0	0	0	0	0	3
420	21	0	0.954545455	15782.3083	15933.2625	15782.3083	16158.3817	376.073423	0	0	0	0	0	3
425	21	0	0.965909091	15776.3614	15924.5802	15776.3614	16147.3093	370.947843	0	0	0	0	0	3
430	21	0	0.977272727	15770.582	15916.0182	15770.582	16135.2988	364.716821	0	0	0	0	0	3
435	22	0	0.988636364	15764.9826	15907.602	15764.9826	16122.2955	357.312948	0	0	0	0	0	3
440	22	0	1	15759.6912	15899.361	15759.6912	16108.6589	348.967706	248.287616	0	71.1	0	0	3
445	22	0	1.01136364	15754.3901	15891.3094	15754.3901	16094.3714	339.981292	248.287616	0	73	0	0	3
450	22	0	1.02272727	15749.2295	15883.4653	15749.2295	16079.3585	330.128996	248.287616	0	75.2	0	0	3
455	23	0	1.03409091	15744.3049	15875.8504	15744.3049	16064.0141	319.709219	248.287616	0	77.6	0	0	3
460	23	0	1.04545455	15739.5145	15868.4754	15739.5145	16048.428	308.91348	248.287616	0	80.3	0	0	3
465	23	0	1.05681818	15734.9109	15861.35	15734.9109	16033.1066	298.195743	248.287616	0	83.2	0	0	3
470	24	0	1.06818182	15730.2983	15858.4378	15730.2983	16033.1066	302.808349	248.287616	0	81.9	0	0	3
475	24	0	1.07954545	15725.8806	15847.8232	15725.8806	16004.207	278.326381	248.287616	0	89.2	0	0	3
480	24	0	1.09090909	15721.4635	15845.0153	15721.4635	16004.207	282.743556	248.287616	0	87.8	0	0	3
485	24	0	1.10227273	15717.0595	15835.1722	15717.0595	15978.5189	261.459446	248.287616	0	94.9	0	0	3
490	25	0	1.11363636	15712.9243	15832.4556	15712.9243	15978.5189	265.59466	248.287616	0	93.4	0	0	3
495	25	0	1.125	15708.741	15823.2656	15708.741	15956.4622	247.721128	248.287616	0	100	0	0	3
500	25	0	1.13636364	15704.6841	15817.5434	15704.6841	15946.7506	242.066472	248.287616	0	100	0	0	3
505	25	0	1.14772727	15700.5279	15811.9474	15700.5279	15937.9968	237.468876	248.287616	0	100	0	0	3
510	26	0	1.15909091	15696.4007	15806.4566	15696.4007	15929.7501	233.349432	248.287616	0	100	0	0	3
515	26	0	1.17045455	15692.4322	15801.063	15692.4322	15922.3677	229.935595	248.287616	0	100	0	0	3
520	26	0	1.18181818	15688.4454	15795.7466	15688.4454	15915.4593	227.013914	248.287616	0	100	0	0	3
525	26	0	1.19318182	15684.4423	15793.2732	15684.4423	15915.4593	231.016983	248.287616	0	100	0	0	3
530	27	0	1.20454545	15680.4778	15785.2974	15680.4778	15903.2139	222.736117	248.287616	0	100	0	0	3
535	27	0	1.21590909	15676.5757	15782.8814	15676.5757	15903.2139	226.638255	248.287616	0	100	0	0	3
540	27	0	1.22727273	15672.6432	15775.0334	15672.6432	15892.2265	219.583285	248.287616	0	100	0	0	3
545	28	0	1.23863636	15668.7723	15772.6721	15668.7723	15892.2265	223.454191	248.287616	0	100	0	0	3
550	28	0	1.25	15665.0124	15764.9076	15665.0124	15882.0334	217.02101	248.287616	0	100	0	0	3
555	28	0	1.26136364	15661.1543	15759.8876	15661.1543	15876.959	215.80467	248.287616	0	100	0	0	3
560	28	0	1.27272727	15657.4476	15754.8987	15657.4476	15871.8503	214.402696	248.287616	0	100	0	0	3
565	29	0	1.28409091	15653.7403	15749.9417	15653.7403	15866.8092	213.068839	248.287616	0	100	0	0	3
570	29	0	1.29545455	15650.0547	15745.0155	15650.0547	15861.6262	211.571513	248.287616	0	100	0	0	3
575	29	0	1.30681818	15646.4269	15740.1246	15646.4269	15856.1496	209.722636	248.287616	0	100	0	0	3
580	29	0	1.31818182	15642.8423	15737.9627	15642.8423	15856.1496	213.307312	248.287616	0	100	0	0	3
585	30	0	1.32954545	15639.1492	15730.4735	15639.1492	15844.72	205.570881	248.287616	0	100	0	0	3
