Iteration	CPUTime	PhysTime	Travels	Value	AvValue	MinValue	MaxValue	Delta	Criteria	PrevAvRefValue	Progress	CriteriaType	CriteriaVarType	CriteriaPercentage
1	0	0	0.00227272727	54.8159517	54.8159517	54.8159517	54.8159517	0	0	0	0	0	0	3
5	1	0	0.0113636364	48.7596856	51.7878186	48.7596856	54.8159517	3.02813307	0	0	0	0	0	3
10	1	0	0.0227272727	46.9429325	50.1728566	46.9429325	54.8159517	4.6430951	0	0	0	0	0	3
15	1	0	0.0340909091	46.6811172	49.2999217	46.6811172	54.8159517	5.51602994	0	0	0	0	0	3
20	1	0	0.0454545455	45.8802378	48.615985	45.8802378	54.8159517	6.19996673	0	0	0	0	0	3
25	1	0	0.0568181818	44.9134822	47.9989012	44.9134822	54.8159517	6.81705052	0	0	0	0	0	3
30	2	0	0.0681818182	43.5663751	47.3656832	43.5663751	54.8159517	7.45026853	0	0	0	0	0	3
35	2	0	0.0795454545	41.9616546	46.6901796	41.9616546	54.8159517	8.12577211	0	0	0	0	0	3
40	2	0	0.0909090909	40.2027707	45.9693564	40.2027707	54.8159517	8.84659532	0	0	0	0	0	3
45	2	0	0.102272727	38.7118142	45.2436022	38.7118142	54.8159517	9.57234953	0	0	0	0	0	3
50	2	0	0.113636364	37.6462565	44.5529344	37.6462565	54.8159517	10.2630173	0	0	0	0	0	3
55	2	0	0.125	36.921987	43.9170221	36.921987	54.8159517	10.8989296	0	0	0	0	0	3
60	3	0	0.136363636	36.6675629	43.3593714	36.6675629	54.8159517	11.4565803	0	0	0	0	0	3
65	3	0	0.147727273	35.7810538	42.818063	35.7810538	54.8159517	11.9978887	0	0	0	0	0	3
70	3	0	0.159090909	34.5215803	42.2649641	34.5215803	54.8159517	12.5509876	0	0	0	0	0	3
75	3	0	0.170454545	33.7984045	41.7358042	33.7984045	54.8159517	13.0801475	0	0	0	0	0	3
80	3	0	0.181818182	32.8875263	41.2153172	32.8875263	54.8159517	13.6006345	0	0	0	0	0	3
85	3	0	0.193181818	32.3659311	40.7236847	32.3659311	54.8159517	14.092267	0	0	0	0	0	3
90	4	0	0.204545455	31.8441707	40.2563418	31.8441707	54.8159517	14.5596099	0	0	0	0	0	3
95	4	0	0.215909091	31.3888359	39.8129665	31.3888359	54.8159517	15.0029852	0	0	0	0	0	3
100	4	0	0.227272727	31.1115274	39.3986123	31.1115274	54.8159517	15.4173394	0	0	0	0	0	3
105	4	0	0.238636364	30.9552037	39.014821	30.9552037	54.8159517	15.8011307	0	0	0	0	0	3
110	5	0	0.25	30.8217939	38.6586024	30.8217939	54.8159517	16.1573493	0	0	0	0	0	3
115	5	0	0.261363636	30.5033283	38.3187993	30.5033283	54.8159517	16.4971524	0	0	0	0	0	3
120	5	0	0.272727273	30.4058966	38.0022832	30.4058966	54.8159517	16.8136685	0	0	0	0	0	3
125	5	0	0.284090909	30.2158364	37.7028045	30.2158364	54.8159517	17.1131472	0	0	0	0	0	3
130	6	0	0.295454545	30.0582226	37.4196718	30.0582226	54.8159517	17.3962799	0	0	0	0	0	3
135	6	0	0.306818182	29.8660016	37.1498979	29.8660016	54.8159517	17.6660538	0	0	0	0	0	3
140	6	0	0.318181818	29.7094919	36.8933322	29.7094919	54.8159517	17.9226195	0	0	0	0	0	3
145	6	0	0.329545455	29.5024309	36.6469688	29.5024309	54.8159517	18.1689829	0	0	0	0	0	3
150	7	0	0.340909091	29.3271597	36.4108459	29.3271597	54.8159517	18.4051058	0	0	0	0	0	3
155	7	0	0.352272727	29.1939274	36.1853172	29.1939274	54.8159517	18.6306345	0	0	0	0	0	3
160	7	0	0.363636364	28.952536	35.966142	28.952536	54.8159517	18.8498097	0	0	0	0	0	3
165	7	0	0.375	28.8492319	35.7568211	28.8492319	54.8159517	19.0591306	0	0	0	0	0	3
170	8	0	0.386363636	28.5917428	35.5521046	28.5917428	54.8159517	19.2638471	0	0	0	0	0	3
175	8	0	0.397727273	28.7751355	35.3638555	28.5917428	54.8159517	19.4520962	0	0	0	0	0	3
180	8	0	0.409090909	28.7337727	35.184664	28.5917428	54.8159517	19.6312876	0	0	0	0	0	3
185	8	0	0.420454545	28.822508	35.0172389	28.5917428	54.8159517	19.7987128	0	0	0	0	0	3
190	9	0	0.431818182	28.8623674	34.8594217	28.5917428	54.8159517	19.95653	0	0	0	0	0	3
195	9	0	0.443181818	28.891261	34.7102177	28.5917428	54.8159517	20.105734	0	0	0	0	0	3
200	9	0	0.454545455	28.7707257	34.565352	28.5917428	54.8159517	20.2505997	0	0	0	0	0	3
205	10	0	0.465909091	28.7821192	34.427656	28.5917428	54.8159517	20.3882957	0	0	0	0	0	3
210	10	0	0.477272727	28.6605924	34.2935382	28.5917428	54.8159517	20.5224135	0	0	0	0	0	3
215	10	0	0.488636364	28.7333036	34.1671692	28.5917428	54.8159517	20.6487824	0	0	0	0	0	3
220	10	0	0.5	28.6422062	34.0443923	28.5917428	54.8159517	20.7715594	0	0	0	0	0	3
225	11	0	0.511363636	28.5403371	33.1127807	28.5403371	46.9429325	17.0600758	0	0	0	0	0	3
230	11	0	0.522727273	28.3704089	32.6906779	28.3704089	46.6811172	16.6092438	0	0	0	0	0	3
235	11	0	0.534090909	28.3032171	32.2729984	28.3032171	45.8802378	16.3429866	0	0	0	0	0	3
240	11	0	0.545454545	28.1905558	32.1822774	28.1905558	45.8802378	16.4337075	0	0	0	0	0	3
245	12	0	0.556818182	28.0481664	31.7860092	28.0481664	44.9134822	16.212892	0	0	0	0	0	3
250	12	0	0.568181818	27.9652425	31.1330863	27.9652425	41.9616546	13.9964121	0	0	0	0	0	3
255	12	0	0.579545455	27.7765905	30.8106985	27.7765905	40.2027707	12.4261802	0	0	0	0	0	3
260	12	0	0.590909091	27.6137113	30.5245835	27.6137113	38.7118142	11.0981029	0	0	0	0	0	3
265	13	0	0.602272727	27.4661392	30.269	27.4661392	37.6462565	10.1801172	0	0	0	0	0	3
270	13	0	0.613636364	27.3645292	30.0353244	27.3645292	36.921987	9.55745788	0	0	0	0	0	3
275	13	0	0.625	27.2931963	29.8164882	27.2931963	36.6675629	9.37436652	0	0	0	0	0	3
280	14	0	0.636363636	27.2557605	29.6025836	27.2557605	35.7810538	8.52529326	0	0	0	0	0	3
285	14	0	0.647727273	27.2143823	29.4078866	27.2143823	34.5215803	7.30719806	0	0	0	0	0	3
290	14	0	0.659090909	27.2258662	29.2420749	27.2143823	33.7984045	6.58402222	0	0	0	0	0	3
295	14	0	0.670454545	27.1561911	29.0911155	27.1561911	32.8875263	5.73133525	0	0	0	0	0	3
300	15	0	0.681818182	27.1668762	29.0483546	27.1561911	32.8875263	5.73133525	0	0	0	0	0	3
305	15	0	0.693181818	26.9552389	28.8381304	26.9552389	31.8441707	4.88893181	0	0	0	0	0	3
310	15	0	0.704545455	26.8705778	28.7250942	26.8705778	31.3888359	4.51825814	0	0	0	0	0	3
315	15	0	0.715909091	26.7855577	28.6204743	26.7855577	31.1115274	4.32596967	0	0	0	0	0	3
320	16	0	0.727272727	26.7992599	28.5224682	26.7855577	30.9552037	4.16964596	0	0	0	0	0	3
325	16	0	0.738636364	26.7239981	28.4263044	26.7239981	30.8217939	4.09779583	0	0	0	0	0	3
330	16	0	0.75	26.8253127	28.3354753	26.7239981	30.5033283	3.77933016	0	0	0	0	0	3
335	17	0	0.761363636	26.7593818	28.2503856	26.7239981	30.4058966	3.68189846	0	0	0	0	0	3
340	17	0	0.772727273	26.802519	28.1684907	26.7239981	30.2158364	3.49183828	0	0	0	0	0	3
345	17	0	0.784090909	26.6919048	28.1356776	26.6919048	30.2158364	3.52393154	0	0	0	0	0	3
350	17	0	0.795454545	26.6669894	28.0568144	26.6669894	30.0582226	3.39123318	0	0	0	0	0	3
355	18	0	0.806818182	26.5221355	27.9782347	26.5221355	29.8660016	3.34386607	0	0	0	0	0	3
360	18	0	0.818181818	26.5842851	27.8643035	26.5221355	29.5024309	2.98029537	0	0	0	0	0	3
365	18	0	0.829545455	26.5213479	27.7965516	26.5213479	29.3271597	2.80581182	0	0	0	0	0	3
370	18	0	0.840909091	26.6467635	27.7356335	26.5213479	29.1939274	2.67257952	0	0	0	0	0	3
375	19	0	0.852272727	26.479417	27.6739401	26.479417	28.952536	2.473119	0	0	0	0	0	3
380	19	0	0.863636364	26.5727132	27.6198532	26.479417	28.891261	2.41184395	0	0	0	0	0	3
385	19	0	0.875	26.4861509	27.5661468	26.479417	28.891261	2.41184395	0	0	0	0	0	3
390	19	0	0.886363636	26.5364657	27.5194359	26.479417	28.891261	2.41184395	0	0	0	0	0	3
395	20	0	0.897727273	26.4558716	27.4667254	26.4558716	28.891261	2.43538936	0	0	0	0	0	3
400	20	0	0.909090909	26.5096611	27.4454573	26.4558716	28.891261	2.43538936	0	0	0	0	0	3
405	20	0	0.920454545	26.3913852	27.3934042	26.3913852	28.891261	2.49987575	0	0	0	0	0	3
410	20	0	0.931818182	26.4723571	27.3411787	26.3913852	28.891261	2.49987575	0	0	0	0	0	3
415	21	0	0.943181818	26.3328486	27.2484605	26.3328486	28.7821192	2.44927058	0	0	0	0	0	3
420	21	0	0.954545455	26.4373983	27.1954303	26.3328486	28.7821192	2.44927058	0	0	0	0	0	3
425	21	0	0.965909091	26.2986356	27.1389875	26.2986356	28.7333036	2.434668	0	0	0	0	0	3
430	21	0	0.977272727	26.3660274	27.0868383	26.2986356	28.7333036	2.434668	0	0	0	0	0	3
435	22	0	0.988636364	26.2188212	27.029691	26.2188212	28.6422062	2.42338506	0	0	0	0	0	3
440	22	0	1	26.3207188	26.9769299	26.2188212	28.5403371	2.32151597	3.38112966	0	100	0	0	3
445	22	0	1.01136364	26.187713	26.9234611	26.187713	28.3704089	2.18269591	3.38112966	0	100	0	0	3
450	22	0	1.02272727	26.2853647	26.8760738	26.187713	28.3032171	2.11550404	3.38112966	0	100	0	0	3
455	23	0	1.03409091	26.1362739	26.8268251	26.1362739	28.1905558	2.05428192	3.38112966	0	100	0	0	3
460	23	0	1.04545455	26.2225344	26.7820973	26.1362739	28.0481664	1.91189255	3.38112966	0	100	0	0	3
465	23	0	1.05681818	26.0522304	26.7367351	26.0522304	27.9652425	1.91301205	3.38112966	0	100	0	0	3
470	24	0	1.06818182	26.1493634	26.7236824	26.0522304	27.9652425	1.91301205	3.38112966	0	100	0	0	3
475	24	0	1.07954545	26.0447267	26.6561046	26.0447267	27.6137113	1.56898455	3.38112966	0	100	0	0	3
480	24	0	1.09090909	26.1272641	26.6443526	26.0447267	27.6137113	1.56898455	3.38112966	0	100	0	0	3
485	24	0	1.10227273	26.0023943	26.5890548	26.0023943	27.3645292	1.36213489	3.38112966	0	100	0	0	3
490	25	0	1.11363636	26.0893664	26.5779506	26.0023943	27.3645292	1.36213489	3.38112966	0	100	0	0	3
495	25	0	1.125	25.979763	26.5302231	25.979763	27.2557605	1.27599751	3.38112966	0	100	0	0	3
500	25	0	1.13636364	26.0612807	26.5030758	25.979763	27.2258662	1.24610324	3.38112966	0	100	0	0	3
505	25	0	1.14772727	25.942827	26.4741768	25.942827	27.2258662	1.28303922	3.38112966	0	100	0	0	3
510	26	0	1.15909091	26.0088022	26.4465163	25.942827	27.1668762	1.22404914	3.38112966	0	100	0	0	3
515	26	0	1.17045455	25.9057855	26.4180979	25.9057855	27.1668762	1.26109071	3.38112966	0	100	0	0	3
520	26	0	1.18181818	26.0129698	26.3918728	25.9057855	26.9552389	1.04945341	3.38112966	0	100	0	0	3
525	26	0	1.19318182	25.9204411	26.3813965	25.9057855	26.9552389	1.04945341	3.38112966	0	100	0	0	3
530	27	0	1.20454545	26.0688922	26.3501345	25.9057855	26.8253127	0.919527247	3.38112966	0	100	0	0	3
535	27	0	1.21590909	25.907651	26.3403016	25.9057855	26.8253127	0.919527247	3.38112966	0	100	0	0	3
540	27	0	1.22727273	25.9945396	26.311893	25.9057855	26.8253127	0.919527247	3.38112966	0	100	0	0	3
545	28	0	1.23863636	25.8787306	26.3022672	25.8787306	26.8253127	0.94658208	3.38112966	0	100	0	0	3
550	28	0	1.25	25.940207	26.2725664	25.8787306	26.802519	0.923788378	3.38112966	0	100	0	0	3
555	28	0	1.26136364	25.8689599	26.2523295	25.8689599	26.802519	0.933559138	3.38112966	0	100	0	0	3
560	28	0	1.27272727	25.9468949	26.2328835	25.8689599	26.6919048	0.822944971	3.38112966	0	100	0	0	3
565	29	0	1.28409091	25.7995216	26.2126021	25.7995216	26.6669894	0.867467864	3.38112966	0	100	0	0	3
570	29	0	1.29545455	25.9058488	26.1953034	25.7995216	26.6467635	0.847241921	3.38112966	0	100	0	0	3
575	29	0	1.30681818	25.7731608	26.1782813	25.7731608	26.6467635	0.873602679	3.38112966	0	100	0	0	3
580	29	0	1.31818182	25.9042879	26.1721925	25.7731608	26.6467635	0.873602679	3.38112966	0	100	0	0	3
585	30	0	1.32954545	25.7883339	26.1461674	25.7731608	26.6467635	0.873602679	3.38112966	0	100	0	0	3
