Iteration	CPUTime	PhysTime	Travels	Value	AvValue	MinValue	MaxValue	Delta	Criteria	PrevAvRefValue	Progress	CriteriaType	CriteriaVarType	CriteriaPercentage
1	0	0	0.00227272727	-0.0717811235	-0.0717811235	-0.0717811235	-0.0717811235	0	0	0	0	0	0	3
5	1	0	0.0113636364	0.151835357	0.0400271169	-0.0717811235	0.151835357	0.11180824	0	0	0	0	0	3
10	1	0	0.0227272727	0.668510603	0.249521612	-0.0717811235	0.668510603	0.321302736	0	0	0	0	0	3
15	1	0	0.0340909091	0.869999776	0.404641153	-0.0717811235	0.869999776	0.476422277	0	0	0	0	0	3
20	1	0	0.0454545455	0.963292362	0.516371395	-0.0717811235	0.963292362	0.588152518	0	0	0	0	0	3
25	1	0	0.0568181818	1.01572826	0.599597539	-0.0717811235	1.01572826	0.671378662	0	0	0	0	0	3
30	2	0	0.0681818182	1.15543061	0.679002263	-0.0717811235	1.15543061	0.750783386	0	0	0	0	0	3
35	2	0	0.0795454545	1.14989473	0.737863822	-0.0717811235	1.15543061	0.809644945	0	0	0	0	0	3
40	2	0	0.0909090909	1.39575201	0.810962509	-0.0717811235	1.39575201	0.882743632	0	0	0	0	0	3
45	2	0	0.102272727	1.51034014	0.880900272	-0.0717811235	1.51034014	0.952681395	0	0	0	0	0	3
50	2	0	0.113636364	1.69527206	0.95493407	-0.0717811235	1.69527206	1.02671519	0	0	0	0	0	3
55	2	0	0.125	1.90708561	1.03428003	-0.0717811235	1.90708561	1.10606116	0	0	0	0	0	3
60	3	0	0.136363636	2.0783827	1.11459562	-0.0717811235	2.0783827	1.18637675	0	0	0	0	0	3
65	3	0	0.147727273	2.18880879	1.19132513	-0.0717811235	2.18880879	1.26310626	0	0	0	0	0	3
70	3	0	0.159090909	2.23912843	1.26117869	-0.0717811235	2.23912843	1.33295981	0	0	0	0	0	3
75	3	0	0.170454545	2.16922323	1.31793147	-0.0717811235	2.23912843	1.38971259	0	0	0	0	0	3
80	3	0	0.181818182	2.13646022	1.36608022	-0.0717811235	2.23912843	1.43786134	0	0	0	0	0	3
85	3	0	0.193181818	2.12277319	1.40811872	-0.0717811235	2.23912843	1.47989984	0	0	0	0	0	3
90	4	0	0.204545455	2.14118287	1.44670104	-0.0717811235	2.23912843	1.51848217	0	0	0	0	0	3
95	4	0	0.215909091	2.15643429	1.4821877	-0.0717811235	2.23912843	1.55396883	0	0	0	0	0	3
100	4	0	0.227272727	2.18019685	1.51542624	-0.0717811235	2.23912843	1.58720736	0	0	0	0	0	3
105	4	0	0.238636364	2.16685248	1.54503652	-0.0717811235	2.23912843	1.61681764	0	0	0	0	0	3
110	5	0	0.25	2.17335724	1.57235481	-0.0717811235	2.23912843	1.64413593	0	0	0	0	0	3
115	5	0	0.261363636	2.13472812	1.59578703	-0.0717811235	2.23912843	1.66756816	0	0	0	0	0	3
120	5	0	0.272727273	2.15510405	1.61815971	-0.0717811235	2.23912843	1.68994084	0	0	0	0	0	3
125	5	0	0.284090909	2.13021327	1.63785408	-0.0717811235	2.23912843	1.7096352	0	0	0	0	0	3
130	6	0	0.295454545	2.11142965	1.65539392	-0.0717811235	2.23912843	1.72717504	0	0	0	0	0	3
135	6	0	0.306818182	2.07142059	1.67025201	-0.0717811235	2.23912843	1.74203314	0	0	0	0	0	3
140	6	0	0.318181818	2.05846189	1.68363856	-0.0717811235	2.23912843	1.75541968	0	0	0	0	0	3
145	6	0	0.329545455	2.02384423	1.69497875	-0.0717811235	2.23912843	1.76675987	0	0	0	0	0	3
150	7	0	0.340909091	2.00225122	1.70489076	-0.0717811235	2.23912843	1.77667189	0	0	0	0	0	3
155	7	0	0.352272727	2.00763736	1.7143516	-0.0717811235	2.23912843	1.78613272	0	0	0	0	0	3
160	7	0	0.363636364	2.00270208	1.72308949	-0.0717811235	2.23912843	1.79487061	0	0	0	0	0	3
165	7	0	0.375	1.99357744	1.73104502	-0.0717811235	2.23912843	1.80282614	0	0	0	0	0	3
170	8	0	0.386363636	1.97342952	1.73797029	-0.0717811235	2.23912843	1.80975141	0	0	0	0	0	3
175	8	0	0.397727273	2.00564581	1.74540572	-0.0717811235	2.23912843	1.81718684	0	0	0	0	0	3
180	8	0	0.409090909	1.97257403	1.7515454	-0.0717811235	2.23912843	1.82332653	0	0	0	0	0	3
185	8	0	0.420454545	1.98963902	1.75781102	-0.0717811235	2.23912843	1.82959215	0	0	0	0	0	3
190	9	0	0.431818182	1.99642145	1.76392924	-0.0717811235	2.23912843	1.83571036	0	0	0	0	0	3
195	9	0	0.443181818	2.01039514	1.77009089	-0.0717811235	2.23912843	1.84187201	0	0	0	0	0	3
200	9	0	0.454545455	2.01913412	1.77616511	-0.0717811235	2.23912843	1.84794624	0	0	0	0	0	3
205	10	0	0.465909091	2.03914579	1.78242656	-0.0717811235	2.23912843	1.85420768	0	0	0	0	0	3
210	10	0	0.477272727	2.01400891	1.78781219	-0.0717811235	2.23912843	1.85959332	0	0	0	0	0	3
215	10	0	0.488636364	2.0517963	1.79381183	-0.0717811235	2.23912843	1.86559296	0	0	0	0	0	3
220	10	0	0.5	2.06599103	1.79986026	-0.0717811235	2.23912843	1.87164138	0	0	0	0	0	3
225	11	0	0.511363636	2.0875019	1.88638998	0.668510603	2.23912843	1.57061782	0	0	0	0	0	3
230	11	0	0.522727273	2.10465733	1.91902968	0.869999776	2.23912843	1.36912865	0	0	0	0	0	3
235	11	0	0.534090909	2.15796638	1.94830165	0.963292362	2.23912843	1.27583606	0	0	0	0	0	3
240	11	0	0.545454545	2.16055214	1.95301833	0.963292362	2.23912843	1.27583606	0	0	0	0	0	3
245	12	0	0.556818182	2.16067511	1.97962683	1.01572826	2.23912843	1.22340017	0	0	0	0	0	3
250	12	0	0.568181818	2.18306616	2.02488897	1.14989473	2.23912843	1.08923369	0	0	0	0	0	3
255	12	0	0.579545455	2.18309879	2.04837088	1.39575201	2.23912843	0.843376418	0	0	0	0	0	3
260	12	0	0.590909091	2.18030495	2.06620163	1.51034014	2.23912843	0.728788286	0	0	0	0	0	3
265	13	0	0.602272727	2.17720019	2.08135754	1.69527206	2.23912843	0.543856369	0	0	0	0	0	3
270	13	0	0.613636364	2.16218263	2.09196915	1.90708561	2.23912843	0.332042817	0	0	0	0	0	3
275	13	0	0.625	2.16811162	2.09790156	1.97257403	2.23912843	0.266554399	0	0	0	0	0	3
280	14	0	0.636363636	2.15298987	2.09959717	1.97257403	2.23912843	0.266554399	0	0	0	0	0	3
285	14	0	0.647727273	2.15596637	2.09885076	1.97257403	2.23912843	0.266554399	0	0	0	0	0	3
290	14	0	0.659090909	2.15120496	2.0968525	1.97257403	2.18309879	0.210524769	0	0	0	0	0	3
295	14	0	0.670454545	2.14451404	2.09629092	1.97257403	2.18309879	0.210524769	0	0	0	0	0	3
300	15	0	0.681818182	2.14558871	2.09738643	1.97257403	2.18309879	0.210524769	0	0	0	0	0	3
305	15	0	0.693181818	2.13978414	2.096885	1.97257403	2.18309879	0.210524769	0	0	0	0	0	3
310	15	0	0.704545455	2.14686182	2.09701407	1.97257403	2.18309879	0.210524769	0	0	0	0	0	3
315	15	0	0.715909091	2.13989116	2.09663809	1.97257403	2.18309879	0.210524769	0	0	0	0	0	3
320	16	0	0.727272727	2.14566551	2.09585328	1.97257403	2.18309879	0.210524769	0	0	0	0	0	3
325	16	0	0.738636364	2.14210143	2.09529076	1.97257403	2.18309879	0.210524769	0	0	0	0	0	3
330	16	0	0.75	2.15079005	2.09477787	1.97257403	2.18309879	0.210524769	0	0	0	0	0	3
335	17	0	0.761363636	2.14647862	2.09504493	1.97257403	2.18309879	0.210524769	0	0	0	0	0	3
340	17	0	0.772727273	2.1507217	2.09494533	1.97257403	2.18309879	0.210524769	0	0	0	0	0	3
345	17	0	0.784090909	2.14221293	2.09599572	1.97257403	2.18309879	0.210524769	0	0	0	0	0	3
350	17	0	0.795454545	2.14919308	2.09641749	1.97257403	2.18309879	0.210524769	0	0	0	0	0	3
355	18	0	0.806818182	2.14336197	2.0971271	1.97257403	2.18309879	0.210524769	0	0	0	0	0	3
360	18	0	0.818181818	2.14793535	2.09974483	1.97257403	2.18309879	0.210524769	0	0	0	0	0	3
365	18	0	0.829545455	2.1405224	2.1023966	1.97257403	2.18309879	0.210524769	0	0	0	0	0	3
370	18	0	0.840909091	2.15112612	2.10578012	1.97257403	2.18309879	0.210524769	0	0	0	0	0	3
375	19	0	0.852272727	2.14005313	2.10878957	1.97257403	2.18309879	0.210524769	0	0	0	0	0	3
380	19	0	0.863636364	2.14614394	2.11204962	1.97257403	2.18309879	0.210524769	0	0	0	0	0	3
385	19	0	0.875	2.13651715	2.11529825	1.97257403	2.18309879	0.210524769	0	0	0	0	0	3
390	19	0	0.886363636	2.14527551	2.11920384	1.97257403	2.18309879	0.210524769	0	0	0	0	0	3
395	20	0	0.897727273	2.13705135	2.12219033	1.97257403	2.18309879	0.210524769	0	0	0	0	0	3
400	20	0	0.909090909	2.14551635	2.12270868	1.97257403	2.18309879	0.210524769	0	0	0	0	0	3
405	20	0	0.920454545	2.13643642	2.12635007	1.98963902	2.18309879	0.19345978	0	0	0	0	0	3
410	20	0	0.931818182	2.14557976	2.12981542	1.99642145	2.18309879	0.186677349	0	0	0	0	0	3
415	21	0	0.943181818	2.13693679	2.13572305	2.01400891	2.18309879	0.169089882	0	0	0	0	0	3
420	21	0	0.954545455	2.14617772	2.1386104	2.01400891	2.18309879	0.169089882	0	0	0	0	0	3
425	21	0	0.965909091	2.13598203	2.14081122	2.01400891	2.18309879	0.169089882	0	0	0	0	0	3
430	21	0	0.977272727	2.1446905	2.14378126	2.0517963	2.18309879	0.131302499	0	0	0	0	0	3
435	22	0	0.988636364	2.13251621	2.1456158	2.06599103	2.18309879	0.117107766	0	0	0	0	0	3
440	22	0	1	2.13980955	2.1472935	2.0875019	2.18309879	0.0955968993	0.31309396	0	100	0	0	3
445	22	0	1.01136364	2.12690555	2.14818903	2.10465733	2.18309879	0.07844146	0.31309396	0	100	0	0	3
450	22	0	1.02272727	2.13794323	2.14894553	2.12690555	2.18309879	0.0561932403	0.31309396	0	100	0	0	3
455	23	0	1.03409091	2.12732776	2.1482492	2.12690555	2.18309879	0.0561932403	0.31309396	0	100	0	0	3
460	23	0	1.04545455	2.13513943	2.14767164	2.12690555	2.18309879	0.0561932403	0.31309396	0	100	0	0	3
465	23	0	1.05681818	2.11822749	2.14670692	2.11822749	2.18309879	0.0648713042	0.31309396	0	100	0	0	3
470	24	0	1.06818182	2.12612033	2.14624944	2.11822749	2.18309879	0.0648713042	0.31309396	0	100	0	0	3
475	24	0	1.07954545	2.11451321	2.14385393	2.11451321	2.18030495	0.0657917417	0.31309396	0	100	0	0	3
480	24	0	1.09090909	2.12489396	2.1434326	2.11451321	2.18030495	0.0657917417	0.31309396	0	100	0	0	3
485	24	0	1.10227273	2.10943064	2.14105438	2.10943064	2.16811162	0.0569763846	0.31309396	0	100	0	0	3
490	25	0	1.11363636	2.12133392	2.14061614	2.10943064	2.16811162	0.0569763846	0.31309396	0	100	0	0	3
495	25	0	1.125	2.10821209	2.13876464	2.10821209	2.15596637	0.04775428	0.31309396	0	100	0	0	3
500	25	0	1.13636364	2.12093153	2.13803604	2.10821209	2.15596637	0.04775428	0.31309396	0	100	0	0	3
505	25	0	1.14772727	2.10814787	2.13694926	2.10814787	2.15120496	0.0430570932	0.31309396	0	100	0	0	3
510	26	0	1.15909091	2.11831978	2.13620187	2.10814787	2.15112612	0.0429782468	0.31309396	0	100	0	0	3
515	26	0	1.17045455	2.10433129	2.13528862	2.10433129	2.15112612	0.0467948289	0.31309396	0	100	0	0	3
520	26	0	1.18181818	2.1152077	2.13459815	2.10433129	2.15112612	0.0467948289	0.31309396	0	100	0	0	3
525	26	0	1.19318182	2.10348373	2.13390672	2.10348373	2.15112612	0.0476423833	0.31309396	0	100	0	0	3
530	27	0	1.20454545	2.11526238	2.13305497	2.10348373	2.15112612	0.0476423833	0.31309396	0	100	0	0	3
535	27	0	1.21590909	2.10170762	2.13235836	2.10170762	2.15112612	0.0494184924	0.31309396	0	100	0	0	3
540	27	0	1.22727273	2.11391661	2.1314656	2.10170762	2.15112612	0.0494184924	0.31309396	0	100	0	0	3
545	28	0	1.23863636	2.09988753	2.13076386	2.09988753	2.15112612	0.0512385876	0.31309396	0	100	0	0	3
550	28	0	1.25	2.11267548	2.12963995	2.09988753	2.15112612	0.0512385876	0.31309396	0	100	0	0	3
555	28	0	1.26136364	2.09901995	2.12856134	2.09901995	2.15112612	0.0521061644	0.31309396	0	100	0	0	3
560	28	0	1.27272727	2.10897841	2.12761263	2.09901995	2.15112612	0.0521061644	0.31309396	0	100	0	0	3
565	29	0	1.28409091	2.09505943	2.12654096	2.09505943	2.15112612	0.0525280393	0.31309396	0	100	0	0	3
570	29	0	1.29545455	2.10702731	2.12558265	2.09505943	2.15112612	0.0518184322	0.31309396	0	100	0	0	3
575	29	0	1.30681818	2.09131208	2.1243997	2.09131208	2.15112612	0.0492007058	0.31309396	0	100	0	0	3
580	29	0	1.31818182	2.1030648	2.12392559	2.09131208	2.15112612	0.0492007058	0.31309396	0	100	0	0	3
585	30	0	1.32954545	2.08526466	2.12212405	2.08526466	2.15112612	0.0431654087	0.31309396	0	100	0	0	3
