Iteration	CPUTime	PhysTime	Travels	Value	AvValue	MinValue	MaxValue	Delta	Criteria	PrevAvRefValue	Progress	CriteriaType	CriteriaVarType	CriteriaPercentage
1	0	0	0.00227272727	0.498771022	0.498771022	0.498771022	0.498771022	0	0	0	0	0	0	3
5	1	0	0.0113636364	0.495182206	0.496976614	0.495182206	0.498771022	0.00179440813	0	0	0	0	0	3
10	1	0	0.0227272727	0.49122356	0.49505893	0.49122356	0.498771022	0.00371209275	0	0	0	0	0	3
15	2	0	0.0340909091	0.48792013	0.49327423	0.48792013	0.498771022	0.00549679256	0	0	0	0	0	3
20	2	0	0.0454545455	0.484958063	0.491610996	0.484958063	0.498771022	0.00716002589	0	0	0	0	0	3
25	3	0	0.0568181818	0.482169816	0.490037466	0.482169816	0.498771022	0.00873355597	0	0	0	0	0	3
30	3	0	0.0681818182	0.479611394	0.488548027	0.479611394	0.498771022	0.0102229949	0	0	0	0	0	3
35	4	0	0.0795454545	0.477547047	0.487172905	0.477547047	0.498771022	0.0115981175	0	0	0	0	0	3
40	4	0	0.0909090909	0.476132421	0.485946184	0.476132421	0.498771022	0.0128248379	0	0	0	0	0	3
45	5	0	0.102272727	0.475248331	0.484876399	0.475248331	0.498771022	0.0138946233	0	0	0	0	0	3
50	5	0	0.113636364	0.474832635	0.48396333	0.474832635	0.498771022	0.0148076928	0	0	0	0	0	3
55	6	0	0.125	0.474702717	0.483191612	0.474702717	0.498771022	0.0155794105	0	0	0	0	0	3
60	6	0	0.136363636	0.47468744	0.482537445	0.47468744	0.498771022	0.0162335776	0	0	0	0	0	3
65	7	0	0.147727273	0.474636977	0.481973126	0.474636977	0.498771022	0.0167978967	0	0	0	0	0	3
70	8	0	0.159090909	0.474562398	0.481479077	0.474562398	0.498771022	0.0172919452	0	0	0	0	0	3
75	8	0	0.170454545	0.474434153	0.481038769	0.474434153	0.498771022	0.0177322529	0	0	0	0	0	3
80	9	0	0.181818182	0.474240277	0.480638858	0.474240277	0.498771022	0.0181321642	0	0	0	0	0	3
85	9	0	0.193181818	0.473989188	0.480269432	0.473989188	0.498771022	0.0185015903	0	0	0	0	0	3
90	10	0	0.204545455	0.473714832	0.479924453	0.473714832	0.498771022	0.0188465693	0	0	0	0	0	3
95	10	0	0.215909091	0.473448718	0.479600666	0.473448718	0.498771022	0.019170356	0	0	0	0	0	3
100	11	0	0.227272727	0.473211079	0.4792964	0.473211079	0.498771022	0.0194746221	0	0	0	0	0	3
105	12	0	0.238636364	0.473039579	0.479011999	0.473039579	0.498771022	0.019759023	0	0	0	0	0	3
110	13	0	0.25	0.472985839	0.478749992	0.472985839	0.498771022	0.02002103	0	0	0	0	0	3
115	13	0	0.261363636	0.473035488	0.478511888	0.472985839	0.498771022	0.0202591344	0	0	0	0	0	3
120	14	0	0.272727273	0.473156211	0.478297661	0.472985839	0.498771022	0.0204733615	0	0	0	0	0	3
125	14	0	0.284090909	0.473330626	0.478106621	0.472985839	0.498771022	0.0206644013	0	0	0	0	0	3
130	15	0	0.295454545	0.473540955	0.477937522	0.472985839	0.498771022	0.0208335	0	0	0	0	0	3
135	16	0	0.306818182	0.473772334	0.477788766	0.472985839	0.498771022	0.0209822567	0	0	0	0	0	3
140	16	0	0.318181818	0.474017111	0.477658709	0.472985839	0.498771022	0.0211123138	0	0	0	0	0	3
145	17	0	0.329545455	0.474267439	0.477545666	0.472985839	0.498771022	0.0212253561	0	0	0	0	0	3
150	17	0	0.340909091	0.474524512	0.47744821	0.472985839	0.498771022	0.0213228127	0	0	0	0	0	3
155	18	0	0.352272727	0.474797738	0.477365382	0.472985839	0.498771022	0.02140564	0	0	0	0	0	3
160	19	0	0.363636364	0.475079367	0.477296109	0.472985839	0.498771022	0.0214749132	0	0	0	0	0	3
165	19	0	0.375	0.475340111	0.47723858	0.472985839	0.498771022	0.0215324425	0	0	0	0	0	3
170	20	0	0.386363636	0.475562384	0.477190688	0.472985839	0.498771022	0.0215803338	0	0	0	0	0	3
175	20	0	0.397727273	0.475739351	0.477150374	0.472985839	0.498771022	0.0216206488	0	0	0	0	0	3
180	21	0	0.409090909	0.475868403	0.477115726	0.472985839	0.498771022	0.0216552966	0	0	0	0	0	3
185	22	0	0.420454545	0.475947743	0.477084989	0.472985839	0.498771022	0.021686033	0	0	0	0	0	3
190	22	0	0.431818182	0.475980413	0.477056667	0.472985839	0.498771022	0.0217143555	0	0	0	0	0	3
195	23	0	0.443181818	0.475968283	0.477029457	0.472985839	0.498771022	0.0217415651	0	0	0	0	0	3
200	24	0	0.454545455	0.475913189	0.477002231	0.472985839	0.498771022	0.0217687911	0	0	0	0	0	3
205	24	0	0.465909091	0.475820143	0.476974086	0.472985839	0.498771022	0.0217969361	0	0	0	0	0	3
210	25	0	0.477272727	0.475692104	0.476944273	0.472985839	0.498771022	0.0218267496	0	0	0	0	0	3
215	26	0	0.488636364	0.475531796	0.476912171	0.472985839	0.498771022	0.0218588514	0	0	0	0	0	3
220	26	0	0.5	0.475339412	0.476877221	0.472985839	0.498771022	0.0218938016	0	0	0	0	0	3
225	27	0	0.511363636	0.47511932	0.47592366	0.472985839	0.49122356	0.0182377218	0	0	0	0	0	3
230	28	0	0.522727273	0.474874977	0.475552101	0.472985839	0.48792013	0.0149342917	0	0	0	0	0	3
235	28	0	0.534090909	0.474609907	0.475249596	0.472985839	0.484958063	0.0119722245	0	0	0	0	0	3
240	29	0	0.545454545	0.474325527	0.475229061	0.472985839	0.484958063	0.0119722245	0	0	0	0	0	3
245	30	0	0.556818182	0.474023115	0.474986062	0.472985839	0.482169816	0.00918397739	0	0	0	0	0	3
250	30	0	0.568181818	0.473705959	0.474688581	0.472985839	0.477547047	0.00456120805	0	0	0	0	0	3
255	31	0	0.579545455	0.473376171	0.474593788	0.472985839	0.476132421	0.00314658234	0	0	0	0	0	3
260	32	0	0.590909091	0.47303495	0.474523391	0.472985839	0.475980413	0.00299457474	0	0	0	0	0	3
265	32	0	0.602272727	0.4726824	0.474465074	0.4726824	0.475980413	0.00329801326	0	0	0	0	0	3
270	33	0	0.613636364	0.472320579	0.474407982	0.472320579	0.475980413	0.00365983404	0	0	0	0	0	3
275	34	0	0.625	0.471951178	0.474345447	0.471951178	0.475980413	0.00402923528	0	0	0	0	0	3
280	35	0	0.636363636	0.471576617	0.474274747	0.471576617	0.475980413	0.00440379607	0	0	0	0	0	3
285	35	0	0.647727273	0.471199983	0.474196633	0.471199983	0.475980413	0.00478043057	0	0	0	0	0	3
290	36	0	0.659090909	0.470824697	0.474111685	0.470824697	0.475980413	0.00515571592	0	0	0	0	0	3
295	37	0	0.670454545	0.470453981	0.474021227	0.470453981	0.475980413	0.00552643189	0	0	0	0	0	3
300	37	0	0.681818182	0.470094303	0.473933962	0.470094303	0.475980413	0.0058861107	0	0	0	0	0	3
305	38	0	0.693181818	0.469752442	0.473830711	0.469752442	0.475980413	0.00609374245	0	0	0	0	0	3
310	39	0	0.704545455	0.469431154	0.473733354	0.469431154	0.475980413	0.00586731201	0	0	0	0	0	3
315	40	0	0.715909091	0.469133896	0.47363529	0.469133896	0.475980413	0.00566111009	0	0	0	0	0	3
320	40	0	0.727272727	0.468861397	0.473536434	0.468861397	0.475980413	0.00547556555	0	0	0	0	0	3
325	41	0	0.738636364	0.46861436	0.473435861	0.46861436	0.475980413	0.00531413173	0	0	0	0	0	3
330	42	0	0.75	0.468393357	0.473331486	0.468393357	0.475980413	0.00518040194	0	0	0	0	0	3
335	42	0	0.761363636	0.468198265	0.473221549	0.468198265	0.475980413	0.00507611173	0	0	0	0	0	3
340	43	0	0.772727273	0.468026304	0.47310496	0.468026304	0.475980413	0.00500166072	0	0	0	0	0	3
345	44	0	0.784090909	0.467874577	0.47298873	0.467874577	0.475980413	0.00511789147	0	0	0	0	0	3
350	44	0	0.795454545	0.467739379	0.47286448	0.467739379	0.475980413	0.00507304267	0	0	0	0	0	3
355	45	0	0.806818182	0.467617231	0.472732841	0.467617231	0.475980413	0.00505592426	0	0	0	0	0	3
360	45	0	0.818181818	0.467505403	0.472561223	0.467505403	0.475980413	0.00498444307	0	0	0	0	0	3
365	46	0	0.829545455	0.467401045	0.472405169	0.467401045	0.475980413	0.00504304089	0	0	0	0	0	3
370	47	0	0.840909091	0.467301367	0.472241006	0.467301367	0.475980413	0.00512437604	0	0	0	0	0	3
375	48	0	0.852272727	0.467205886	0.472068464	0.467205886	0.475980413	0.00522764491	0	0	0	0	0	3
380	48	0	0.863636364	0.467112488	0.471887399	0.467112488	0.475980413	0.00535118096	0	0	0	0	0	3
385	49	0	0.875	0.467021548	0.471698341	0.467021548	0.475980413	0.00549234789	0	0	0	0	0	3
390	50	0	0.886363636	0.466933847	0.471502237	0.466933847	0.475980413	0.00564813607	0	0	0	0	0	3
395	51	0	0.897727273	0.466850836	0.471300226	0.466850836	0.475980413	0.00581549994	0	0	0	0	0	3
400	51	0	0.909090909	0.46677309	0.471199623	0.46677309	0.475980413	0.00591610296	0	0	0	0	0	3
405	52	0	0.920454545	0.466701899	0.470995923	0.466701899	0.475980413	0.00608906666	0	0	0	0	0	3
410	53	0	0.931818182	0.466637033	0.470789018	0.466637033	0.475980413	0.00626764886	0	0	0	0	0	3
415	54	0	0.943181818	0.466577519	0.470457605	0.466577519	0.475913189	0.00654462591	0	0	0	0	0	3
420	54	0	0.954545455	0.466522138	0.470244172	0.466522138	0.475820143	0.00672991394	0	0	0	0	0	3
425	55	0	0.965909091	0.466470304	0.470031676	0.466470304	0.475692104	0.00691259673	0	0	0	0	0	3
430	56	0	0.977272727	0.466419545	0.469820936	0.466419545	0.475531796	0.00709123497	0	0	0	0	0	3
435	57	0	0.988636364	0.466369595	0.469612704	0.466369595	0.475339412	0.00726451662	0	0	0	0	0	3
440	57	0	1	0.466318779	0.46940769	0.466318779	0.47511932	0.00651596993	0.0043295141	0	66.4	0	0	3
445	58	0	1.01136364	0.466266376	0.469206486	0.466266376	0.474874977	0.00634561449	0.0043295141	0	68.2	0	0	3
450	59	0	1.02272727	0.466211008	0.469009578	0.466211008	0.474609907	0.00624001777	0.0043295141	0	69.3	0	0	3
455	60	0	1.03409091	0.466152194	0.468817357	0.466152194	0.474325527	0.00641170367	0.0043295141	0	67.5	0	0	3
460	61	0	1.04545455	0.466088828	0.46863016	0.466088828	0.474023115	0.00635590253	0.0043295141	0	68.1	0	0	3
465	61	0	1.05681818	0.466020849	0.46844829	0.466020849	0.473705959	0.00624029066	0.0043295141	0	69.3	0	0	3
470	62	0	1.06818182	0.465946972	0.468392705	0.465946972	0.473705959	0.00629587549	0.0043295141	0	68.7	0	0	3
475	63	0	1.07954545	0.46586814	0.468101312	0.46586814	0.47303495	0.00642207864	0.0043295141	0	67.4	0	0	3
480	64	0	1.09090909	0.465782697	0.468049788	0.465782697	0.47303495	0.00647360342	0.0043295141	0	66.8	0	0	3
485	65	0	1.10227273	0.465690539	0.467777582	0.465690539	0.472320579	0.0066300405	0.0043295141	0	65.3	0	0	3
490	66	0	1.11363636	0.465591697	0.467729007	0.465591697	0.472320579	0.00667897496	0.0043295141	0	64.8	0	0	3
495	66	0	1.125	0.465487078	0.467477742	0.465487078	0.471576617	0.00608953952	0.0043295141	0	71	0	0	3
500	67	0	1.13636364	0.465377051	0.467336843	0.465377051	0.471199983	0.00582293205	0.0043295141	0	74.3	0	0	3
505	68	0	1.14772727	0.465263026	0.467201912	0.465263026	0.470824697	0.0055616715	0.0043295141	0	77.8	0	0	3
510	69	0	1.15909091	0.46514523	0.467072833	0.46514523	0.470453981	0.00530875115	0.0043295141	0	81.5	0	0	3
515	70	0	1.17045455	0.465024113	0.466949427	0.465024113	0.470094303	0.00507018946	0.0043295141	0	85.3	0	0	3
520	70	0	1.18181818	0.4648997	0.466831368	0.4648997	0.469752442	0.00485274223	0.0043295141	0	89.2	0	0	3
525	71	0	1.19318182	0.464772965	0.466785625	0.464772965	0.469752442	0.00497947701	0.0043295141	0	86.9	0	0	3
530	72	0	1.20454545	0.464644541	0.466609411	0.464644541	0.469133896	0.00448935547	0.0043295141	0	96.4	0	0	3
535	72	0	1.21590909	0.464515005	0.466562869	0.464515005	0.469133896	0.00461889074	0.0043295141	0	93.7	0	0	3
540	73	0	1.22727273	0.464384494	0.466402689	0.464384494	0.46861436	0.00422986609	0.0043295141	0	100	0	0	3
545	74	0	1.23863636	0.464253563	0.46635493	0.464253563	0.46861436	0.00436079733	0.0043295141	0	99.2	0	0	3
550	75	0	1.25	0.464123209	0.466206531	0.464123209	0.468198265	0.00407505624	0.0043295141	0	100	0	0	3
555	75	0	1.26136364	0.463994503	0.466110991	0.463994503	0.468026304	0.00403180083	0.0043295141	0	100	0	0	3
560	76	0	1.27272727	0.463867594	0.466016475	0.463867594	0.467874577	0.00400698287	0.0043295141	0	100	0	0	3
565	76	0	1.28409091	0.463742873	0.465922572	0.463742873	0.467739379	0.00399650617	0.0043295141	0	100	0	0	3
570	77	0	1.29545455	0.463620847	0.465828969	0.463620847	0.467617231	0.00399638391	0.0043295141	0	100	0	0	3
575	78	0	1.30681818	0.463502836	0.46573546	0.463502836	0.467505403	0.00400256643	0.0043295141	0	100	0	0	3
580	78	0	1.31818182	0.463388747	0.465683311	0.463388747	0.467505403	0.00411665514	0.0043295141	0	100	0	0	3
585	79	0	1.32954545	0.463279379	0.465548226	0.463279379	0.467301367	0.00402198854	0.0043295141	0	100	0	0	3
590	79	0	1.34090909	0.463174426	0.465495475	0.463174426	0.467301367	0.0041269415	0.0043295141	0	100	0	0	3
595	80	0	1.35227273	0.463074812	0.465360543	0.463074812	0.467112488	0.004037676	0.0043295141	0	100	0	0	3
600	80	0	1.36363636	0.462979823	0.465307639	0.462979823	0.467112488	0.00413266496	0.0043295141	0	100	0	0	3
605	81	0	1.375	0.462889582	0.465172711	0.462889582	0.466933847	0.00404426459	0.0043295141	0	100	0	0	3
610	81	0	1.38636364	0.462803336	0.465078836	0.462803336	0.466850836	0.00404750039	0.0043295141	0	100	0	0	3
