Iteration	CPUTime	PhysTime	Travels	Value	AvValue	MinValue	MaxValue	Delta	Criteria	PrevAvRefValue	Progress	CriteriaType	CriteriaVarType	CriteriaPercentage
1	0	0	0.00227272727	11.1481403	11.1481403	11.1481403	11.1481403	0	0	0	0	0	0	3
5	1	0	0.0113636364	34.8405111	22.9943257	11.1481403	34.8405111	11.8461854	0	0	0	0	0	3
10	1	0	0.0227272727	43.2801812	29.7562775	11.1481403	43.2801812	18.6081373	0	0	0	0	0	3
15	2	0	0.0340909091	43.0160925	33.0712313	11.1481403	43.2801812	21.923091	0	0	0	0	0	3
20	2	0	0.0454545455	39.9853193	34.4540489	11.1481403	43.2801812	23.3059086	0	0	0	0	0	3
25	3	0	0.0568181818	36.592058	34.8103837	11.1481403	43.2801812	23.6622435	0	0	0	0	0	3
30	3	0	0.0681818182	33.5603261	34.6318041	11.1481403	43.2801812	23.6622435	0	0	0	0	0	3
35	4	0	0.0795454545	31.0066819	34.1786638	11.1481403	43.2801812	23.6622435	0	0	0	0	0	3
40	4	0	0.0909090909	28.8588376	33.587572	11.1481403	43.2801812	23.6622435	0	0	0	0	0	3
45	5	0	0.102272727	26.892208	32.9180356	11.1481403	43.2801812	23.6622435	0	0	0	0	0	3
50	5	0	0.113636364	24.8364824	32.1833489	11.1481403	43.2801812	23.6622435	0	0	0	0	0	3
55	6	0	0.125	22.6250585	31.3868247	11.1481403	43.2801812	23.6622435	0	0	0	0	0	3
60	6	0	0.136363636	20.3684538	30.5392577	11.1481403	43.2801812	23.6622435	0	0	0	0	0	3
65	7	0	0.147727273	18.2131372	29.6588206	11.1481403	43.2801812	23.6622435	0	0	0	0	0	3
70	8	0	0.159090909	16.3426732	28.7710774	11.1481403	43.2801812	23.6622435	0	0	0	0	0	3
75	8	0	0.170454545	14.7768431	27.8964378	11.1481403	43.2801812	23.6622435	0	0	0	0	0	3
80	9	0	0.181818182	13.4404927	27.0460881	11.1481403	43.2801812	23.6622435	0	0	0	0	0	3
85	9	0	0.193181818	12.2053627	26.2216033	11.1481403	43.2801812	23.6622435	0	0	0	0	0	3
90	10	0	0.204545455	11.0298968	25.4220398	11.0298968	43.2801812	23.6622435	0	0	0	0	0	3
95	10	0	0.215909091	9.93532135	24.6477039	9.93532135	43.2801812	23.6622435	0	0	0	0	0	3
100	11	0	0.227272727	8.98282832	23.9017574	8.98282832	43.2801812	23.6622435	0	0	0	0	0	3
105	12	0	0.238636364	8.1978006	23.1879412	8.1978006	43.2801812	23.6622435	0	0	0	0	0	3
110	13	0	0.25	7.58164411	22.5094066	7.58164411	43.2801812	23.6622435	0	0	0	0	0	3
115	13	0	0.261363636	7.10835542	21.8676961	7.10835542	43.2801812	23.6622435	0	0	0	0	0	3
120	14	0	0.272727273	6.76010232	21.2633923	6.76010232	43.2801812	23.6622435	0	0	0	0	0	3
125	14	0	0.284090909	6.4985339	20.6955132	6.4985339	43.2801812	23.6622435	0	0	0	0	0	3
130	15	0	0.295454545	6.29524155	20.1621698	6.29524155	43.2801812	23.6622435	0	0	0	0	0	3
135	16	0	0.306818182	6.12914367	19.6609903	6.12914367	43.2801812	23.6622435	0	0	0	0	0	3
140	16	0	0.318181818	5.99926898	19.1898964	5.99926898	43.2801812	23.6622435	0	0	0	0	0	3
145	17	0	0.329545455	5.88766522	18.7464887	5.88766522	43.2801812	23.6622435	0	0	0	0	0	3
150	17	0	0.340909091	5.77672141	18.3281091	5.77672141	43.2801812	23.6622435	0	0	0	0	0	3
155	18	0	0.352272727	5.65459595	17.9320619	5.65459595	43.2801812	23.6622435	0	0	0	0	0	3
160	19	0	0.363636364	5.51688572	17.5558444	5.51688572	43.2801812	23.6622435	0	0	0	0	0	3
165	19	0	0.375	5.35282702	17.1969321	5.35282702	43.2801812	23.6622435	0	0	0	0	0	3
170	20	0	0.386363636	5.1679565	16.8532471	5.1679565	43.2801812	23.6622435	0	0	0	0	0	3
175	20	0	0.397727273	4.96796995	16.5231005	4.96796995	43.2801812	23.6622435	0	0	0	0	0	3
180	21	0	0.409090909	4.75795189	16.2051235	4.75795189	43.2801812	23.6622435	0	0	0	0	0	3
185	22	0	0.420454545	4.5376814	15.8980856	4.5376814	43.2801812	23.6622435	0	0	0	0	0	3
190	22	0	0.431818182	4.30824018	15.60091	4.30824018	43.2801812	23.6622435	0	0	0	0	0	3
195	23	0	0.443181818	4.07702893	15.312813	4.07702893	43.2801812	23.6622435	0	0	0	0	0	3
200	24	0	0.454545455	3.85322699	15.0333109	3.85322699	43.2801812	23.6622435	0	0	0	0	0	3
205	24	0	0.465909091	3.65307875	14.762353	3.65307875	43.2801812	23.6622435	0	0	0	0	0	3
210	25	0	0.477272727	3.48582785	14.5001082	3.48582785	43.2801812	23.6622435	0	0	0	0	0	3
215	26	0	0.488636364	3.35095666	14.2467184	3.35095666	43.2801812	23.6622435	0	0	0	0	0	3
220	26	0	0.5	3.24515509	14.0022392	3.24515509	43.2801812	23.6622435	0	0	0	0	0	3
225	27	0	0.511363636	3.16909845	13.3473003	3.16909845	43.2801812	21.4630834	0	0	0	0	0	3
230	28	0	0.522727273	3.12049558	12.4345802	3.12049558	43.0160925	22.3758036	0	0	0	0	0	3
235	28	0	0.534090909	3.09527922	11.527289	3.09527922	39.9853193	23.2830948	0	0	0	0	0	3
240	29	0	0.545454545	3.09054099	11.3398057	3.09054099	39.9853193	23.4705781	0	0	0	0	0	3
245	30	0	0.556818182	3.10429154	10.5202273	3.09054099	36.592058	24.2901564	0	0	0	0	0	3
250	30	0	0.568181818	3.13299845	9.2361555	3.09054099	31.0066819	24.9425083	0	0	0	0	0	3
255	31	0	0.579545455	3.17238883	8.60355793	3.09054099	28.8588376	24.9840141	0	0	0	0	0	3
260	32	0	0.590909091	3.21724542	8.02079447	3.09054099	26.892208	23.801667	0	0	0	0	0	3
265	32	0	0.602272727	3.26758694	7.48387127	3.09054099	24.8364824	21.7459414	0	0	0	0	0	3
270	33	0	0.613636364	3.32174964	6.99490007	3.09054099	22.6250585	19.5345176	0	0	0	0	0	3
275	34	0	0.625	3.38286837	6.55757756	3.09054099	20.3684538	17.2779128	0	0	0	0	0	3
280	35	0	0.636363636	3.45218832	6.17311698	3.09054099	18.2131372	15.1225962	0	0	0	0	0	3
285	35	0	0.647727273	3.53215524	5.8394583	3.09054099	16.3426732	13.2521322	0	0	0	0	0	3
290	36	0	0.659090909	3.62197465	5.55035152	3.09054099	14.7768431	11.6863021	0	0	0	0	0	3
295	37	0	0.670454545	3.71898182	5.29903649	3.09054099	13.4404927	10.3499518	0	0	0	0	0	3
300	37	0	0.681818182	3.81253503	5.26600312	3.09054099	13.4404927	10.3499518	0	0	0	0	0	3
305	38	0	0.693181818	3.89237675	4.89128777	3.09054099	11.0298968	7.93935582	0	0	0	0	0	3
310	39	0	0.704545455	3.95150062	4.73041513	3.09054099	9.93532135	6.84478036	0	0	0	0	0	3
315	40	0	0.715909091	3.98991224	4.59529219	3.09054099	8.98282832	5.89228733	0	0	0	0	0	3
320	40	0	0.727272727	4.01326648	4.48234761	3.09054099	8.1978006	5.10725961	0	0	0	0	0	3
325	41	0	0.738636364	4.02590896	4.38753189	3.09054099	7.58164411	4.49110312	0	0	0	0	0	3
330	42	0	0.75	4.03219998	4.3068627	3.09054099	7.10835542	4.01781442	0	0	0	0	0	3
335	42	0	0.761363636	4.03441711	4.23700047	3.09054099	6.76010232	3.66956133	0	0	0	0	0	3
340	43	0	0.772727273	4.03100829	4.1749756	3.09054099	6.4985339	3.40799291	0	0	0	0	0	3
345	44	0	0.784090909	4.01888643	4.17150695	3.09054099	6.4985339	3.40799291	0	0	0	0	0	3
350	44	0	0.795454545	3.99435755	4.11585859	3.09054099	6.29524155	3.20470056	0	0	0	0	0	3
355	45	0	0.806818182	3.95674771	4.06389206	3.09054099	6.12914367	3.03860268	0	0	0	0	0	3
360	45	0	0.818181818	3.90777009	3.96942046	3.09054099	5.88766522	2.79712423	0	0	0	0	0	3
365	46	0	0.829545455	3.85390404	3.92319861	3.09054099	5.77672141	2.68618041	0	0	0	0	0	3
370	47	0	0.840909091	3.79729841	3.87821173	3.09054099	5.65459595	2.56405496	0	0	0	0	0	3
375	48	0	0.852272727	3.74898527	3.83490239	3.09054099	5.51688572	2.42634473	0	0	0	0	0	3
380	48	0	0.863636364	3.69787211	3.79356117	3.09054099	5.35282702	2.26228603	0	0	0	0	0	3
385	49	0	0.875	3.65412988	3.75495442	3.09054099	5.1679565	2.07741551	0	0	0	0	0	3
390	50	0	0.886363636	3.60670712	3.71947148	3.09054099	4.96796995	1.87742895	0	0	0	0	0	3
395	51	0	0.897727273	3.56567433	3.68760113	3.09054099	4.75795189	1.6674109	0	0	0	0	0	3
400	51	0	0.909090909	3.51935827	3.6838624	3.09054099	4.75795189	1.6674109	0	0	0	0	0	3
405	52	0	0.920454545	3.48178613	3.65550316	3.09054099	4.5376814	1.44714041	0	0	0	0	0	3
410	53	0	0.931818182	3.43651678	3.63103283	3.09054099	4.30824018	1.21769919	0	0	0	0	0	3
415	54	0	0.943181818	3.39757521	3.60019963	3.09054099	4.03441711	0.943876115	0	0	0	0	0	3
420	54	0	0.954545455	3.35511293	3.58887885	3.09054099	4.03441711	0.943876115	0	0	0	0	0	3
425	55	0	0.965909091	3.32132641	3.58133903	3.09054099	4.03441711	0.943876115	0	0	0	0	0	3
430	56	0	0.977272727	3.28504367	3.57677575	3.09054099	4.03441711	0.943876115	0	0	0	0	0	3
435	57	0	0.988636364	3.25802372	3.57466364	3.09054099	4.03441711	0.943876115	0	0	0	0	0	3
440	57	0	1	3.22975761	3.57431369	3.09054099	4.03441711	0.943876115	6.02844603	0	100	0	0	3
445	58	0	1.01136364	3.21019824	3.57524778	3.09054099	4.03441711	0.943876115	6.02844603	0	100	0	0	3
450	59	0	1.02272727	3.18924098	3.57681018	3.09054099	4.03441711	0.943876115	6.02844603	0	100	0	0	3
455	60	0	1.03409091	3.17619088	3.57864908	3.09054099	4.03441711	0.943876115	6.02844603	0	100	0	0	3
460	61	0	1.04545455	3.15977006	3.58022247	3.10429154	4.03441711	0.930125568	6.02844603	0	100	0	0	3
465	61	0	1.05681818	3.15022885	3.58126649	3.13299845	4.03441711	0.901418661	6.02844603	0	100	0	0	3
470	62	0	1.06818182	3.13721357	3.57139865	3.13299845	4.03441711	0.901418661	6.02844603	0	100	0	0	3
475	63	0	1.07954545	3.13108468	3.58042356	3.13108468	4.03441711	0.903332432	6.02844603	0	100	0	0	3
480	64	0	1.09090909	3.12293695	3.57025719	3.12293695	4.03441711	0.911480157	6.02844603	0	100	0	0	3
485	65	0	1.10227273	3.12169408	3.57496444	3.12169408	4.03441711	0.912723029	6.02844603	0	100	0	0	3
490	66	0	1.11363636	3.11822832	3.56481475	3.11822832	4.03441711	0.91618879	6.02844603	0	100	0	0	3
495	66	0	1.125	3.12015692	3.56436824	3.11822832	4.03441711	0.91618879	6.02844603	0	100	0	0	3
500	67	0	1.13636364	3.1170326	3.55675107	3.1170326	4.03441711	0.917384511	6.02844603	0	100	0	0	3
505	68	0	1.14772727	3.11809898	3.5473407	3.1170326	4.03441711	0.917384511	6.02844603	0	100	0	0	3
510	69	0	1.15909091	3.11405739	3.53579712	3.11405739	4.03441711	0.920359718	6.02844603	0	100	0	0	3
515	70	0	1.17045455	3.11219279	3.52200646	3.11219279	4.03441711	0.92222432	6.02844603	0	100	0	0	3
520	70	0	1.18181818	3.1032971	3.50588742	3.1032971	4.03441711	0.931120009	6.02844603	0	100	0	0	3
525	71	0	1.19318182	3.09759204	3.49681419	3.09759204	4.03441711	0.936825068	6.02844603	0	100	0	0	3
530	72	0	1.20454545	3.08432883	3.46811568	3.08432883	4.03441711	0.950088278	6.02844603	0	100	0	0	3
535	72	0	1.21590909	3.07508896	3.45938175	3.07508896	4.03441711	0.959328146	6.02844603	0	100	0	0	3
540	73	0	1.22727273	3.05867303	3.42562894	3.05867303	4.03441711	0.961902949	6.02844603	0	100	0	0	3
545	74	0	1.23863636	3.04570283	3.41718613	3.04570283	4.03441711	0.970345752	6.02844603	0	100	0	0	3
550	75	0	1.25	3.02679091	3.38050132	3.02679091	4.03441711	0.856499148	6.02844603	0	100	0	0	3
555	75	0	1.26136364	3.01195574	3.35726356	3.01195574	4.03100829	0.817712042	6.02844603	0	100	0	0	3
560	76	0	1.27272727	2.99091254	3.33362502	2.99091254	4.01888643	0.837881934	6.02844603	0	100	0	0	3
565	76	0	1.28409091	2.97432595	3.30988501	2.97432595	3.99435755	0.805973582	6.02844603	0	100	0	0	3
570	77	0	1.29545455	2.95197314	3.28619445	2.95197314	3.95674771	0.777697607	6.02844603	0	100	0	0	3
575	78	0	1.30681818	2.93453255	3.26296229	2.93453255	3.90777009	0.706458167	6.02844603	0	100	0	0	3
580	78	0	1.31818182	2.91108443	3.25514278	2.91108443	3.90777009	0.714277675	6.02844603	0	100	0	0	3
585	79	0	1.32954545	2.8930609	3.218473	2.8930609	3.79729841	0.659738726	6.02844603	0	100	0	0	3
590	79	0	1.34090909	2.86900632	3.21070707	2.86900632	3.79729841	0.667504653	6.02844603	0	100	0	0	3
595	80	0	1.35227273	2.85119188	3.17697106	2.85119188	3.69787211	0.616590117	6.02844603	0	100	0	0	3
600	80	0	1.36363636	2.82722388	3.1691989	2.82722388	3.69787211	0.624362276	6.02844603	0	100	0	0	3
605	81	0	1.375	2.80998733	3.13799854	2.80998733	3.60670712	0.581472941	6.02844603	0	100	0	0	3
610	81	0	1.38636364	2.78768973	3.11938451	2.78768973	3.56567433	0.568216617	6.02844603	0	100	0	0	3
