Iteration	CPUTime	PhysTime	Travels	Value	AvValue	MinValue	MaxValue	Delta	Criteria	PrevAvRefValue	Progress	CriteriaType	CriteriaVarType	CriteriaPercentage
1	1	0	0.00192307692	27.0049139	27.0049139	27.0049139	27.0049139	0	0	0	0	0	0	3
5	1	0	0.00961538462	19.0732935	23.0391037	19.0732935	27.0049139	3.96581019	0	0	0	0	0	3
10	2	0	0.0192307692	17.448224	21.1754772	17.448224	27.0049139	5.82943676	0	0	0	0	0	3
15	2	0	0.0288461538	16.5911334	20.0293912	16.5911334	27.0049139	6.9755227	0	0	0	0	0	3
20	3	0	0.0384615385	16.6602317	19.3555593	16.5911334	27.0049139	7.64935461	0	0	0	0	0	3
25	3	0	0.0480769231	16.9196278	18.9495707	16.5911334	27.0049139	8.05534319	0	0	0	0	0	3
30	4	0	0.0576923077	16.0134809	18.5301293	16.0134809	27.0049139	8.4747846	0	0	0	0	0	3
35	4	0	0.0673076923	15.2807724	18.1239597	15.2807724	27.0049139	8.88095421	0	0	0	0	0	3
40	4	0	0.0769230769	14.1981541	17.6877591	14.1981541	27.0049139	9.31715483	0	0	0	0	0	3
45	5	0	0.0865384615	13.1552862	17.2345118	13.1552862	27.0049139	9.77040212	0	0	0	0	0	3
50	5	0	0.0961538462	12.8928717	16.8398172	12.8928717	27.0049139	10.1650967	0	0	0	0	0	3
55	6	0	0.105769231	12.1677994	16.4504824	12.1677994	27.0049139	10.5544315	0	0	0	0	0	3
60	6	0	0.115384615	11.2780521	16.0526032	11.2780521	27.0049139	10.9523107	0	0	0	0	0	3
65	7	0	0.125	10.4708224	15.6539045	10.4708224	27.0049139	11.3510094	0	0	0	0	0	3
70	7	0	0.134615385	9.84404562	15.2665806	9.84404562	27.0049139	11.7383333	0	0	0	0	0	3
75	7	0	0.144230769	9.66858496	14.9167059	9.66858496	27.0049139	12.088208	0	0	0	0	0	3
80	8	0	0.153846154	9.11616584	14.5754976	9.11616584	27.0049139	12.4294163	0	0	0	0	0	3
85	8	0	0.163461538	8.52330542	14.2392647	8.52330542	27.0049139	12.7656492	0	0	0	0	0	3
90	9	0	0.173076923	8.42175363	13.9330799	8.42175363	27.0049139	13.071834	0	0	0	0	0	3
95	9	0	0.182692308	8.16685445	13.6447687	8.16685445	27.0049139	13.3601452	0	0	0	0	0	3
100	10	0	0.192307692	7.94875745	13.37353	7.94875745	27.0049139	13.6313839	0	0	0	0	0	3
105	10	0	0.201923077	8.01259047	13.129851	7.94875745	27.0049139	13.8750629	0	0	0	0	0	3
110	11	0	0.211538462	8.01723712	12.9075634	7.94875745	27.0049139	14.0973505	0	0	0	0	0	3
115	11	0	0.221153846	8.00580611	12.7033235	7.94875745	27.0049139	14.3015904	0	0	0	0	0	3
120	11	0	0.230769231	7.91242329	12.5116875	7.91242329	27.0049139	14.4932264	0	0	0	0	0	3
125	12	0	0.240384615	8.24126031	12.3474403	7.91242329	27.0049139	14.6574736	0	0	0	0	0	3
130	12	0	0.25	8.25154694	12.1957406	7.91242329	27.0049139	14.8091733	0	0	0	0	0	3
135	13	0	0.259615385	8.46286583	12.0624236	7.91242329	27.0049139	14.9424903	0	0	0	0	0	3
140	13	0	0.269230769	8.94010429	11.9547574	7.91242329	27.0049139	15.0501565	0	0	0	0	0	3
145	13	0	0.278846154	8.96583726	11.8551268	7.91242329	27.0049139	15.1497872	0	0	0	0	0	3
150	14	0	0.288461538	9.09956911	11.7662378	7.91242329	27.0049139	15.2386761	0	0	0	0	0	3
155	14	0	0.298076923	9.27563061	11.6884063	7.91242329	27.0049139	15.3165076	0	0	0	0	0	3
160	15	0	0.307692308	9.55849138	11.6238634	7.91242329	27.0049139	15.3810505	0	0	0	0	0	3
165	15	0	0.317307692	9.75226259	11.5688164	7.91242329	27.0049139	15.4360976	0	0	0	0	0	3
170	16	0	0.326923077	9.64761333	11.5139248	7.91242329	27.0049139	15.4909891	0	0	0	0	0	3
175	16	0	0.336538462	9.84831872	11.467658	7.91242329	27.0049139	15.5372559	0	0	0	0	0	3
180	17	0	0.346153846	10.0395717	11.4290611	7.91242329	27.0049139	15.5758528	0	0	0	0	0	3
185	17	0	0.355769231	10.1870699	11.3963771	7.91242329	27.0049139	15.6085368	0	0	0	0	0	3
190	17	0	0.365384615	9.98778983	11.3602595	7.91242329	27.0049139	15.6446544	0	0	0	0	0	3
195	18	0	0.375	9.86815223	11.3229568	7.91242329	27.0049139	15.6819571	0	0	0	0	0	3
200	18	0	0.384615385	9.97689641	11.2901261	7.91242329	27.0049139	15.7147879	0	0	0	0	0	3
205	19	0	0.394230769	10.1343607	11.2626078	7.91242329	27.0049139	15.7423061	0	0	0	0	0	3
210	19	0	0.403846154	9.98608414	11.2329212	7.91242329	27.0049139	15.7719927	0	0	0	0	0	3
215	20	0	0.413461538	9.9142976	11.2029525	7.91242329	27.0049139	15.8019614	0	0	0	0	0	3
220	20	0	0.423076923	9.78349519	11.171409	7.91242329	27.0049139	15.8335049	0	0	0	0	0	3
225	20	0	0.432692308	9.83416115	11.1423384	7.91242329	27.0049139	15.8625755	0	0	0	0	0	3
230	21	0	0.442307692	9.81487994	11.1140946	7.91242329	27.0049139	15.8908193	0	0	0	0	0	3
235	21	0	0.451923077	9.92878603	11.0894007	7.91242329	27.0049139	15.9155132	0	0	0	0	0	3
240	21	0	0.461538462	9.92069492	11.0655496	7.91242329	27.0049139	15.9393644	0	0	0	0	0	3
245	22	0	0.471153846	9.89793217	11.0421972	7.91242329	27.0049139	15.9627167	0	0	0	0	0	3
250	22	0	0.480769231	10.0156987	11.0220698	7.91242329	27.0049139	15.9828441	0	0	0	0	0	3
255	23	0	0.490384615	9.78308892	10.9982432	7.91242329	27.0049139	16.0066707	0	0	0	0	0	3
260	23	0	0.5	9.88069335	10.9771574	7.91242329	27.0049139	16.0277565	0	0	0	0	0	3
265	23	0	0.509615385	10.0096598	10.6564922	7.91242329	19.0732935	11.1608703	0	0	0	0	0	3
270	24	0	0.519230769	10.0302604	10.3519775	7.91242329	16.9196278	9.00720448	0	0	0	0	0	3
275	24	0	0.528846154	10.0122897	10.2254613	7.91242329	16.9196278	9.00720448	0	0	0	0	0	3
280	24	0	0.538461538	10.0777505	10.0988751	7.91242329	16.9196278	8.85069562	0	0	0	0	0	3
285	25	0	0.548076923	9.80142	9.96198648	7.91242329	16.0134809	8.10105759	0	0	0	0	0	3
290	25	0	0.557692308	9.80512793	9.84259508	7.91242329	15.2807724	7.36834915	0	0	0	0	0	3
295	26	0	0.567307692	9.72598971	9.73577234	7.91242329	14.1981541	6.28573081	0	0	0	0	0	3
300	26	0	0.576923077	9.70737761	9.73523659	7.91242329	14.1981541	6.28573081	0	0	0	0	0	3
305	27	0	0.586538462	9.84271056	9.58570787	7.91242329	12.8928717	4.98044845	0	0	0	0	0	3
310	27	0	0.596153846	9.77175979	9.52568649	7.91242329	12.1677994	4.25537613	0	0	0	0	0	3
315	27	0	0.605769231	9.71039471	9.52917155	7.91242329	12.1677994	4.25537613	0	0	0	0	0	3
320	28	0	0.615384615	9.67427122	9.44758677	7.91242329	10.4708224	2.5583991	0	0	0	0	0	3
325	28	0	0.625	9.60043369	9.43084852	7.91242329	10.1870699	2.27464661	0	0	0	0	0	3
330	28	0	0.634615385	9.63260038	9.42678227	7.91242329	10.1870699	2.27464661	0	0	0	0	0	3
335	29	0	0.644230769	9.62276719	9.42590116	7.91242329	10.1870699	2.27464661	0	0	0	0	0	3
340	29	0	0.653846154	9.64202261	9.43601379	7.91242329	10.1870699	2.27464661	0	0	0	0	0	3
345	30	0	0.663461538	9.6287785	9.45727288	7.91242329	10.1870699	2.27464661	0	0	0	0	0	3
350	30	0	0.673076923	9.50102519	9.47802811	7.91242329	10.1870699	2.27464661	0	0	0	0	0	3
355	31	0	0.682692308	9.51992826	9.50404876	7.91242329	10.1870699	2.27464661	0	0	0	0	0	3
360	31	0	0.692307692	9.4972579	9.53382761	7.91242329	10.1870699	2.27464661	0	0	0	0	0	3
365	31	0	0.701923077	9.47165452	9.53265453	7.91242329	10.1870699	2.27464661	0	0	0	0	0	3
370	32	0	0.711538462	9.43303661	9.58911345	7.91242329	10.1870699	2.27464661	0	0	0	0	0	3
375	32	0	0.721153846	9.44099373	9.61671321	7.91242329	10.1870699	2.27464661	0	0	0	0	0	3
380	33	0	0.730769231	9.40253414	9.6126721	7.91242329	10.1870699	2.27464661	0	0	0	0	0	3
385	33	0	0.740384615	9.4562552	9.66873448	8.25154694	10.1870699	1.93552296	0	0	0	0	0	3
390	34	0	0.75	9.46710582	9.69211061	8.46286583	10.1870699	1.72420407	0	0	0	0	0	3
395	34	0	0.759615385	9.50384159	9.68855836	8.46286583	10.1870699	1.72420407	0	0	0	0	0	3
400	34	0	0.769230769	9.5174131	9.72323146	8.96583726	10.1870699	1.22123264	0	0	0	0	0	3
405	35	0	0.778846154	9.50057864	9.73351495	9.09956911	10.1870699	1.08750079	0	0	0	0	0	3
410	36	0	0.788461538	9.4708293	9.74065457	9.27563061	10.1870699	0.91143929	0	0	0	0	0	3
415	36	0	0.798076923	9.45057763	9.74401894	9.40253414	10.1870699	0.784535758	0	0	0	0	0	3
420	36	0	0.807692308	9.43547058	9.74165315	9.40253414	10.1870699	0.784535758	0	0	0	0	0	3
425	37	0	0.817307692	9.42317172	9.73532448	9.40253414	10.1870699	0.784535758	0	0	0	0	0	3
430	37	0	0.826923077	9.42603769	9.72948888	9.40253414	10.1870699	0.784535758	0	0	0	0	0	3
435	38	0	0.836538462	9.42940453	9.72300737	9.40253414	10.1870699	0.784535758	0	0	0	0	0	3
440	38	0	0.846153846	9.46260702	9.7119119	9.40253414	10.1870699	0.784535758	0	0	0	0	0	3
445	38	0	0.855769231	9.47896564	9.70751668	9.40253414	10.1870699	0.784535758	0	0	0	0	0	3
450	39	0	0.865384615	9.45151445	9.68798152	9.40253414	10.1343607	0.731826548	0	0	0	0	0	3
455	39	0	0.875	9.48852	9.6806809	9.40253414	10.1343607	0.731826548	0	0	0	0	0	3
460	39	0	0.884615385	9.50572178	9.67737978	9.40253414	10.1343607	0.731826548	0	0	0	0	0	3
465	40	0	0.894230769	9.52961266	9.65999008	9.40253414	10.0777505	0.675216308	0	0	0	0	0	3
470	40	0	0.903846154	9.53398034	9.65129577	9.40253414	10.0777505	0.675216308	0	0	0	0	0	3
475	41	0	0.913461538	9.56320621	9.64454402	9.40253414	10.0777505	0.675216308	0	0	0	0	0	3
480	41	0	0.923076923	9.56547913	9.6403514	9.40253414	10.0777505	0.675216308	0	0	0	0	0	3
485	41	0	0.932692308	9.59671741	9.63578517	9.40253414	10.0777505	0.675216308	0	0	0	0	0	3
490	42	0	0.942307692	9.58868719	9.63143531	9.40253414	10.0777505	0.675216308	0	0	0	0	0	3
495	42	0	0.951923077	9.616075	9.6311455	9.40253414	10.0777505	0.675216308	0	0	0	0	0	3
500	43	0	0.961538462	9.62037846	9.61964632	9.40253414	10.0777505	0.675216308	0	0	0	0	0	3
505	43	0	0.971153846	9.66427361	9.61515289	9.40253414	10.0777505	0.675216308	0	0	0	0	0	3
510	43	0	0.980769231	9.65430573	9.61589162	9.40253414	10.0777505	0.675216308	0	0	0	0	0	3
515	44	0	0.990384615	9.66721246	9.60597463	9.40253414	10.0777505	0.675216308	0	0	0	0	0	3
520	44	0	1	9.68329203	9.60217845	9.40253414	10.0777505	0.675216308	1.28251792	0	100	0	0	3
