Iteration	CPUTime	PhysTime	Travels	Value	AvValue	MinValue	MaxValue	Delta	Criteria	PrevAvRefValue	Progress	CriteriaType	CriteriaVarType	CriteriaPercentage
1	1	0	0.00192307692	21.4751347	21.4751347	21.4751347	21.4751347	0	0	0	0	0	0	3
5	1	0	0.00961538462	36.6589292	29.0670319	21.4751347	36.6589292	7.59189724	0	0	0	0	0	3
10	2	0	0.0192307692	47.9195428	35.3512022	21.4751347	47.9195428	13.8760675	0	0	0	0	0	3
15	2	0	0.0288461538	54.2916837	40.0863226	21.4751347	54.2916837	18.6111879	0	0	0	0	0	3
20	3	0	0.0384615385	57.5492265	43.5789034	21.4751347	57.5492265	22.1037687	0	0	0	0	0	3
25	3	0	0.0480769231	58.6662846	46.0934669	21.4751347	58.6662846	24.6183322	0	0	0	0	0	3
30	4	0	0.0576923077	58.8033561	47.9091654	21.4751347	58.8033561	26.4340307	0	0	0	0	0	3
35	4	0	0.0673076923	58.9432385	49.2884245	21.4751347	58.9432385	27.8132898	0	0	0	0	0	3
40	4	0	0.0769230769	59.029028	50.3707138	21.4751347	59.029028	28.8955791	0	0	0	0	0	3
45	5	0	0.0865384615	58.7733705	51.2109795	21.4751347	59.029028	29.7358448	0	0	0	0	0	3
50	5	0	0.0961538462	58.4753158	51.8713737	21.4751347	59.029028	30.396239	0	0	0	0	0	3
55	6	0	0.105769231	58.0668252	52.3876613	21.4751347	59.029028	30.9125266	0	0	0	0	0	3
60	6	0	0.115384615	57.2144034	52.7589492	21.4751347	59.029028	31.2838145	0	0	0	0	0	3
65	7	0	0.125	56.0660644	52.9951717	21.4751347	59.029028	31.520037	0	0	0	0	0	3
70	7	0	0.134615385	54.6438444	53.1050832	21.4751347	59.029028	31.6299485	0	0	0	0	0	3
75	7	0	0.144230769	53.0851758	53.103839	21.4751347	59.029028	31.6299485	0	0	0	0	0	3
80	8	0	0.153846154	51.6547161	53.0185965	21.4751347	59.029028	31.6299485	0	0	0	0	0	3
85	8	0	0.163461538	50.6426119	52.8865973	21.4751347	59.029028	31.6299485	0	0	0	0	0	3
90	9	0	0.173076923	49.7531607	52.7216796	21.4751347	59.029028	31.6299485	0	0	0	0	0	3
95	9	0	0.182692308	48.9222732	52.5317093	21.4751347	59.029028	31.6299485	0	0	0	0	0	3
100	10	0	0.192307692	48.2652754	52.3285458	21.4751347	59.029028	31.6299485	0	0	0	0	0	3
105	10	0	0.201923077	47.8222725	52.1237152	21.4751347	59.029028	31.6299485	0	0	0	0	0	3
110	11	0	0.211538462	47.4188594	51.9191562	21.4751347	59.029028	31.6299485	0	0	0	0	0	3
115	11	0	0.221153846	46.9832187	51.7134921	21.4751347	59.029028	31.6299485	0	0	0	0	0	3
120	11	0	0.230769231	46.4901192	51.5045572	21.4751347	59.029028	31.6299485	0	0	0	0	0	3
125	12	0	0.240384615	46.0745698	51.2957116	21.4751347	59.029028	31.6299485	0	0	0	0	0	3
130	12	0	0.25	45.6812153	51.0877673	21.4751347	59.029028	31.6299485	0	0	0	0	0	3
135	13	0	0.259615385	45.2561984	50.8794969	21.4751347	59.029028	31.6299485	0	0	0	0	0	3
140	13	0	0.269230769	44.792728	50.6696083	21.4751347	59.029028	31.6299485	0	0	0	0	0	3
145	13	0	0.278846154	44.2627201	50.4560454	21.4751347	59.029028	31.6299485	0	0	0	0	0	3
150	14	0	0.288461538	43.7605543	50.2400618	21.4751347	59.029028	31.6299485	0	0	0	0	0	3
155	14	0	0.298076923	43.3268405	50.0240237	21.4751347	59.029028	31.6299485	0	0	0	0	0	3
160	15	0	0.307692308	42.9709174	49.8102932	21.4751347	59.029028	31.6299485	0	0	0	0	0	3
165	15	0	0.317307692	42.7258719	49.6019278	21.4751347	59.029028	31.6299485	0	0	0	0	0	3
170	16	0	0.326923077	42.5959538	49.4017571	21.4751347	59.029028	31.6299485	0	0	0	0	0	3
175	16	0	0.336538462	42.5570446	49.2116262	21.4751347	59.029028	31.6299485	0	0	0	0	0	3
180	17	0	0.346153846	42.5815128	49.032434	21.4751347	59.029028	31.6299485	0	0	0	0	0	3
185	17	0	0.355769231	42.6273208	48.8638784	21.4751347	59.029028	31.6299485	0	0	0	0	0	3
190	17	0	0.365384615	42.6322903	48.7040941	21.4751347	59.029028	31.6299485	0	0	0	0	0	3
195	18	0	0.375	42.5961685	48.5513959	21.4751347	59.029028	31.6299485	0	0	0	0	0	3
200	18	0	0.384615385	42.532251	48.4045875	21.4751347	59.029028	31.6299485	0	0	0	0	0	3
205	19	0	0.394230769	42.401321	48.2616526	21.4751347	59.029028	31.6299485	0	0	0	0	0	3
210	19	0	0.403846154	42.2282886	48.1213418	21.4751347	59.029028	31.6299485	0	0	0	0	0	3
215	20	0	0.413461538	42.0376358	47.9830758	21.4751347	59.029028	31.6299485	0	0	0	0	0	3
220	20	0	0.423076923	41.8582758	47.8469691	21.4751347	59.029028	31.6299485	0	0	0	0	0	3
225	20	0	0.432692308	41.7244703	47.7138713	21.4751347	59.029028	31.6299485	0	0	0	0	0	3
230	21	0	0.442307692	41.6472357	47.5847939	21.4751347	59.029028	31.6299485	0	0	0	0	0	3
235	21	0	0.451923077	41.6304315	47.4607447	21.4751347	59.029028	31.6299485	0	0	0	0	0	3
240	21	0	0.461538462	41.651323	47.3421851	21.4751347	59.029028	31.6299485	0	0	0	0	0	3
245	22	0	0.471153846	41.7078769	47.2294989	21.4751347	59.029028	31.6299485	0	0	0	0	0	3
250	22	0	0.480769231	41.8152146	47.1233365	21.4751347	59.029028	31.6299485	0	0	0	0	0	3
255	23	0	0.490384615	41.9896186	47.0246112	21.4751347	59.029028	31.6299485	0	0	0	0	0	3
260	23	0	0.5	42.2169154	46.9338999	21.4751347	59.029028	31.6299485	0	0	0	0	0	3
265	23	0	0.509615385	42.4661898	47.3299576	36.6589292	59.029028	22.3700988	0	0	0	0	0	3
270	24	0	0.519230769	42.7253442	47.4352812	41.6304315	59.029028	13.0187606	0	0	0	0	0	3
275	24	0	0.528846154	42.9886506	47.2179152	41.6304315	59.029028	9.5261798	0	0	0	0	0	3
280	24	0	0.538461538	43.2276065	46.9424994	41.6304315	59.029028	7.01161627	0	0	0	0	0	3
285	25	0	0.548076923	43.4448436	46.6497794	41.6304315	59.029028	6.45530379	0	0	0	0	0	3
290	25	0	0.557692308	43.6425294	46.358225	41.6304315	59.029028	6.74685815	0	0	0	0	0	3
295	26	0	0.567307692	43.7819132	46.0666611	41.6304315	59.029028	7.0384221	0	0	0	0	0	3
300	26	0	0.576923077	43.8582735	46.0249934	41.6304315	59.029028	7.08008979	0	0	0	0	0	3
305	27	0	0.586538462	43.9131833	45.489143	41.6304315	58.4753158	7.6159402	0	0	0	0	0	3
310	27	0	0.596153846	43.948886	45.2097886	41.6304315	58.0668252	7.89529462	0	0	0	0	0	3
315	27	0	0.605769231	43.9518244	45.1860534	41.6304315	58.0668252	7.9190298	0	0	0	0	0	3
320	28	0	0.615384615	43.9105284	44.6825025	41.6304315	56.0660644	8.4225807	0	0	0	0	0	3
325	28	0	0.625	43.8267032	44.4471302	41.6304315	54.6438444	8.65795303	0	0	0	0	0	3
330	28	0	0.634615385	43.7255681	44.2371633	41.6304315	53.0851758	8.86667567	0	0	0	0	0	3
335	29	0	0.644230769	43.6101027	44.0549504	41.6304315	51.6547161	8.96364609	0	0	0	0	0	3
340	29	0	0.653846154	43.491077	43.8979573	41.6304315	50.6426119	8.98864001	0	0	0	0	0	3
345	30	0	0.663461538	43.3754757	43.7582047	41.6304315	49.7531607	8.12272923	0	0	0	0	0	3
350	30	0	0.673076923	43.2730879	43.6335879	41.6304315	48.9222732	7.29184176	0	0	0	0	0	3
355	31	0	0.682692308	43.1912835	43.5233766	41.6304315	48.2652754	6.63484388	0	0	0	0	0	3
360	31	0	0.692307692	43.1254539	43.4245338	41.6304315	47.8222725	6.191841	0	0	0	0	0	3
365	31	0	0.701923077	43.0779264	43.4179941	41.6304315	47.8222725	6.191841	0	0	0	0	0	3
370	32	0	0.711538462	43.0569803	43.2494141	41.6304315	46.9832187	5.35278718	0	0	0	0	0	3
375	32	0	0.721153846	43.0688412	43.1741376	41.6304315	46.4901192	4.85968774	0	0	0	0	0	3
380	33	0	0.730769231	43.1086863	43.1729027	41.6304315	46.4901192	4.85968774	0	0	0	0	0	3
385	33	0	0.740384615	43.1651776	43.0531602	41.6304315	45.6812153	4.05078379	0	0	0	0	0	3
390	34	0	0.75	43.2271955	43.0059675	41.6304315	45.2561984	3.6257669	0	0	0	0	0	3
395	34	0	0.759615385	43.2962684	43.0114449	41.6304315	45.2561984	3.6257669	0	0	0	0	0	3
400	34	0	0.769230769	43.3660963	42.9408414	41.6304315	44.2627201	2.6322886	0	0	0	0	0	3
405	35	0	0.778846154	43.4312389	42.9248513	41.6304315	43.9518244	2.32139292	0	0	0	0	0	3
410	36	0	0.788461538	43.4916602	42.9196803	41.6304315	43.9518244	2.32139292	0	0	0	0	0	3
415	36	0	0.798076923	43.5480174	42.9239337	41.6304315	43.9518244	2.32139292	0	0	0	0	0	3
420	36	0	0.807692308	43.603626	42.9361012	41.6304315	43.9518244	2.32139292	0	0	0	0	0	3
425	37	0	0.817307692	43.6494992	42.9538632	41.6304315	43.9518244	2.32139292	0	0	0	0	0	3
430	37	0	0.826923077	43.6832717	42.9676257	41.6304315	43.9518244	2.32139292	0	0	0	0	0	3
435	38	0	0.836538462	43.7077719	42.9969026	41.6304315	43.9518244	2.32139292	0	0	0	0	0	3
440	38	0	0.846153846	43.7262127	43.018916	41.6304315	43.9518244	2.32139292	0	0	0	0	0	3
445	38	0	0.855769231	43.7351001	43.0324289	41.6304315	43.9518244	2.32139292	0	0	0	0	0	3
450	39	0	0.865384615	43.7331533	43.0613899	41.6304315	43.9518244	2.32139292	0	0	0	0	0	3
455	39	0	0.875	43.7238795	43.0830767	41.6304315	43.9518244	2.32139292	0	0	0	0	0	3
460	39	0	0.884615385	43.7051368	43.0948136	41.6304315	43.9518244	2.32139292	0	0	0	0	0	3
465	40	0	0.894230769	43.6964529	43.1305385	41.6304315	43.9518244	2.32139292	0	0	0	0	0	3
470	40	0	0.903846154	43.6801205	43.1584584	41.6304315	43.9518244	2.32139292	0	0	0	0	0	3
475	41	0	0.913461538	43.6568541	43.1895972	41.6304315	43.9518244	2.32139292	0	0	0	0	0	3
480	41	0	0.923076923	43.6307561	43.2236834	41.6304315	43.9518244	2.32139292	0	0	0	0	0	3
485	41	0	0.932692308	43.6043817	43.2598355	41.6304315	43.9518244	2.32139292	0	0	0	0	0	3
490	42	0	0.942307692	43.5748931	43.2969058	41.6304315	43.9518244	2.32139292	0	0	0	0	0	3
495	42	0	0.951923077	43.5448888	43.3015848	41.6304315	43.9518244	2.32139292	0	0	0	0	0	3
500	43	0	0.961538462	43.5148051	43.3695585	41.7078769	43.9518244	2.24394747	0	0	0	0	0	3
505	43	0	0.971153846	43.4874999	43.403782	41.8152146	43.9518244	2.1366098	0	0	0	0	0	3
510	43	0	0.980769231	43.4627708	43.404895	41.8152146	43.9518244	2.1366098	0	0	0	0	0	3
515	44	0	0.990384615	43.4419	43.4633943	42.2169154	43.9518244	1.73490896	0	0	0	0	0	3
520	44	0	1	43.4310498	43.486743	42.4661898	43.9518244	1.48563456	2.57059279	0	100	0	0	3
