Iteration	CPUTime	PhysTime	Travels	Value	AvValue	MinValue	MaxValue	Delta	Criteria	PrevAvRefValue	Progress	CriteriaType	CriteriaVarType	CriteriaPercentage
1	1	0	0.00192307692	-112.408242	-112.408242	-112.408242	-112.408242	0	0	0	0	0	0	3
5	1	0	0.00961538462	-353.769966	-233.089104	-353.769966	-112.408242	120.680862	0	0	0	0	0	3
10	2	0	0.0192307692	-481.764926	-315.981044	-481.764926	-112.408242	203.572802	0	0	0	0	0	3
15	2	0	0.0288461538	-496.212879	-361.039003	-496.212879	-112.408242	248.630761	0	0	0	0	0	3
20	3	0	0.0384615385	-483.633635	-385.557929	-496.212879	-112.408242	273.149687	0	0	0	0	0	3
25	3	0	0.0480769231	-465.700102	-398.914958	-496.212879	-112.408242	286.506716	0	0	0	0	0	3
30	4	0	0.0576923077	-435.44414	-404.133413	-496.212879	-112.408242	291.72517	0	0	0	0	0	3
35	4	0	0.0673076923	-397.959006	-403.361612	-496.212879	-112.408242	291.72517	0	0	0	0	0	3
40	4	0	0.0769230769	-360.710825	-398.622635	-496.212879	-112.408242	291.72517	0	0	0	0	0	3
45	5	0	0.0865384615	-329.316336	-391.692006	-496.212879	-112.408242	291.72517	0	0	0	0	0	3
50	5	0	0.0961538462	-304.511436	-383.766499	-496.212879	-112.408242	291.72517	0	0	0	0	0	3
55	6	0	0.105769231	-283.004835	-375.369694	-496.212879	-112.408242	291.72517	0	0	0	0	0	3
60	6	0	0.115384615	-263.246844	-366.744859	-496.212879	-112.408242	291.72517	0	0	0	0	0	3
65	7	0	0.125	-246.918702	-358.185848	-496.212879	-112.408242	291.72517	0	0	0	0	0	3
70	7	0	0.134615385	-233.969509	-349.904759	-496.212879	-112.408242	291.72517	0	0	0	0	0	3
75	7	0	0.144230769	-223.423524	-341.999682	-496.212879	-112.408242	291.72517	0	0	0	0	0	3
80	8	0	0.153846154	-213.707269	-334.453069	-496.212879	-112.408242	291.72517	0	0	0	0	0	3
85	8	0	0.163461538	-204.255084	-327.219848	-496.212879	-112.408242	291.72517	0	0	0	0	0	3
90	9	0	0.173076923	-195.513545	-320.287937	-496.212879	-112.408242	291.72517	0	0	0	0	0	3
95	9	0	0.182692308	-188.091692	-313.678125	-496.212879	-112.408242	291.72517	0	0	0	0	0	3
100	10	0	0.192307692	-181.367733	-307.37763	-496.212879	-112.408242	291.72517	0	0	0	0	0	3
105	10	0	0.201923077	-174.540232	-301.339566	-496.212879	-112.408242	291.72517	0	0	0	0	0	3
110	11	0	0.211538462	-167.545155	-295.522418	-496.212879	-112.408242	291.72517	0	0	0	0	0	3
115	11	0	0.221153846	-160.49373	-289.896223	-496.212879	-112.408242	291.72517	0	0	0	0	0	3
120	11	0	0.230769231	-153.460225	-284.438783	-496.212879	-112.408242	291.72517	0	0	0	0	0	3
125	12	0	0.240384615	-145.76955	-279.105351	-496.212879	-112.408242	291.72517	0	0	0	0	0	3
130	12	0	0.25	-137.272724	-273.852291	-496.212879	-112.408242	291.72517	0	0	0	0	0	3
135	13	0	0.259615385	-128.304203	-268.654145	-496.212879	-112.408242	291.72517	0	0	0	0	0	3
140	13	0	0.269230769	-119.558727	-263.512923	-496.212879	-112.408242	291.72517	0	0	0	0	0	3
145	13	0	0.278846154	-111.651326	-258.45087	-496.212879	-111.651326	291.72517	0	0	0	0	0	3
150	14	0	0.288461538	-105.021465	-253.501534	-496.212879	-105.021465	291.72517	0	0	0	0	0	3
155	14	0	0.298076923	-99.7652479	-248.697275	-496.212879	-99.7652479	291.72517	0	0	0	0	0	3
160	15	0	0.307692308	-95.5628557	-244.056838	-496.212879	-95.5628557	291.72517	0	0	0	0	0	3
165	15	0	0.317307692	-91.9110777	-239.581963	-496.212879	-91.9110777	291.72517	0	0	0	0	0	3
170	16	0	0.326923077	-88.6919446	-235.27082	-496.212879	-88.6919446	291.72517	0	0	0	0	0	3
175	16	0	0.336538462	-86.0525911	-231.125869	-496.212879	-86.0525911	291.72517	0	0	0	0	0	3
180	17	0	0.346153846	-84.1492094	-227.153527	-496.212879	-84.1492094	291.72517	0	0	0	0	0	3
185	17	0	0.355769231	-82.9427106	-223.358505	-496.212879	-82.9427106	291.72517	0	0	0	0	0	3
190	17	0	0.365384615	-82.4763859	-219.746143	-496.212879	-82.4763859	291.72517	0	0	0	0	0	3
195	18	0	0.375	-82.7125118	-216.320303	-496.212879	-82.4763859	291.72517	0	0	0	0	0	3
200	18	0	0.384615385	-83.5850821	-213.082858	-496.212879	-82.4763859	291.72517	0	0	0	0	0	3
205	19	0	0.394230769	-84.8570092	-210.029862	-496.212879	-82.4763859	291.72517	0	0	0	0	0	3
210	19	0	0.403846154	-86.2883882	-207.152153	-496.212879	-82.4763859	291.72517	0	0	0	0	0	3
215	20	0	0.413461538	-87.7407862	-204.438258	-496.212879	-82.4763859	291.72517	0	0	0	0	0	3
220	20	0	0.423076923	-89.1959576	-201.877318	-496.212879	-82.4763859	291.72517	0	0	0	0	0	3
225	20	0	0.432692308	-90.5985043	-199.458214	-496.212879	-82.4763859	291.72517	0	0	0	0	0	3
230	21	0	0.442307692	-91.8987544	-197.169715	-496.212879	-82.4763859	291.72517	0	0	0	0	0	3
235	21	0	0.451923077	-93.0898555	-195.001384	-496.212879	-82.4763859	291.72517	0	0	0	0	0	3
240	21	0	0.461538462	-94.1218492	-192.942618	-496.212879	-82.4763859	291.72517	0	0	0	0	0	3
245	22	0	0.471153846	-95.0786307	-190.985338	-496.212879	-82.4763859	291.72517	0	0	0	0	0	3
250	22	0	0.480769231	-96.0447799	-189.123759	-496.212879	-82.4763859	291.72517	0	0	0	0	0	3
255	23	0	0.490384615	-97.0241818	-187.352613	-496.212879	-82.4763859	291.72517	0	0	0	0	0	3
260	23	0	0.5	-98.033819	-185.667353	-496.212879	-82.4763859	291.72517	0	0	0	0	0	3
265	23	0	0.509615385	-99.053447	-185.415376	-496.212879	-82.4763859	218.718037	0	0	0	0	0	3
270	24	0	0.519230769	-100.058932	-174.837287	-496.212879	-82.4763859	229.296125	0	0	0	0	0	3
275	24	0	0.528846154	-101.039607	-167.237801	-483.633635	-82.4763859	236.895611	0	0	0	0	0	3
280	24	0	0.538461538	-101.928614	-159.89732	-465.700102	-82.4763859	244.236092	0	0	0	0	0	3
285	25	0	0.548076923	-102.656364	-152.91571	-435.44414	-82.4763859	251.217703	0	0	0	0	0	3
290	25	0	0.557692308	-103.248365	-146.52733	-397.959006	-82.4763859	256.834282	0	0	0	0	0	3
295	26	0	0.567307692	-103.677183	-140.868064	-360.710825	-82.4763859	257.754572	0	0	0	0	0	3
300	26	0	0.576923077	-103.989272	-140.172238	-360.710825	-82.4763859	258.450398	0	0	0	0	0	3
305	27	0	0.586538462	-104.20334	-131.602015	-304.511436	-82.4763859	222.03505	0	0	0	0	0	3
310	27	0	0.596153846	-104.318842	-127.752157	-283.004835	-82.4763859	200.528449	0	0	0	0	0	3
315	27	0	0.605769231	-104.328759	-127.310206	-283.004835	-82.4763859	200.528449	0	0	0	0	0	3
320	28	0	0.615384615	-104.245265	-121.258356	-246.918702	-82.4763859	164.442317	0	0	0	0	0	3
325	28	0	0.625	-104.075449	-118.51137	-233.969509	-82.4763859	151.493123	0	0	0	0	0	3
330	28	0	0.634615385	-103.838541	-116.008852	-223.423524	-82.4763859	140.947138	0	0	0	0	0	3
335	29	0	0.644230769	-103.543781	-113.703472	-213.707269	-82.4763859	131.230883	0	0	0	0	0	3
340	29	0	0.653846154	-103.196332	-111.578262	-204.255084	-82.4763859	121.778698	0	0	0	0	0	3
345	30	0	0.663461538	-102.801798	-109.627237	-195.513545	-82.4763859	113.037159	0	0	0	0	0	3
350	30	0	0.673076923	-102.345883	-107.835551	-188.091692	-82.4763859	105.615306	0	0	0	0	0	3
355	31	0	0.682692308	-101.840562	-106.176876	-181.367733	-82.4763859	98.891347	0	0	0	0	0	3
360	31	0	0.692307692	-101.263061	-104.636401	-174.540232	-82.4763859	92.0638458	0	0	0	0	0	3
365	31	0	0.701923077	-100.605678	-104.56035	-174.540232	-82.4763859	92.0638458	0	0	0	0	0	3
370	32	0	0.711538462	-99.8949578	-101.913618	-160.49373	-82.4763859	78.0173442	0	0	0	0	0	3
375	32	0	0.721153846	-99.1460956	-100.733855	-153.460225	-82.4763859	70.9838389	0	0	0	0	0	3
380	33	0	0.730769231	-98.3867546	-100.68957	-153.460225	-82.4763859	70.9838389	0	0	0	0	0	3
385	33	0	0.740384615	-97.6369757	-98.7491237	-137.272724	-82.4763859	54.7963385	0	0	0	0	0	3
390	34	0	0.75	-96.9092192	-97.9729025	-128.304203	-82.4763859	45.8278173	0	0	0	0	0	3
395	34	0	0.759615385	-96.225512	-97.9399329	-128.304203	-82.4763859	45.8278173	0	0	0	0	0	3
400	34	0	0.769230769	-95.6148931	-96.8955463	-111.651326	-82.4763859	29.17494	0	0	0	0	0	3
405	35	0	0.778846154	-95.0707791	-96.5766896	-105.021465	-82.4763859	22.5450794	0	0	0	0	0	3
410	36	0	0.788461538	-94.5995462	-96.3762681	-104.328759	-82.4763859	21.852373	0	0	0	0	0	3
415	36	0	0.798076923	-94.2149431	-96.2695314	-104.328759	-82.4763859	21.852373	0	0	0	0	0	3
420	36	0	0.807692308	-93.9125028	-96.2377939	-104.328759	-82.4763859	21.852373	0	0	0	0	0	3
425	37	0	0.817307692	-93.68698	-96.2719458	-104.328759	-82.4763859	21.852373	0	0	0	0	0	3
430	37	0	0.826923077	-93.5252659	-96.2201217	-104.328759	-82.4763859	21.852373	0	0	0	0	0	3
435	38	0	0.836538462	-93.429785	-96.5067634	-104.328759	-82.4763859	21.852373	0	0	0	0	0	3
440	38	0	0.846153846	-93.3772556	-96.6842259	-104.328759	-82.4763859	21.852373	0	0	0	0	0	3
445	38	0	0.855769231	-93.3709281	-96.6217108	-104.328759	-82.4763859	21.852373	0	0	0	0	0	3
450	39	0	0.865384615	-93.3905959	-97.0946572	-104.328759	-82.7125118	21.6162471	0	0	0	0	0	3
455	39	0	0.875	-93.4370364	-97.300898	-104.328759	-83.5850821	20.7436768	0	0	0	0	0	3
460	39	0	0.884615385	-93.4902927	-97.2289998	-104.328759	-83.5850821	20.7436768	0	0	0	0	0	3
465	40	0	0.894230769	-93.5629569	-97.6588049	-104.328759	-86.2883882	18.0403708	0	0	0	0	0	3
470	40	0	0.903846154	-93.6404351	-97.8001904	-104.328759	-87.7407862	16.5879728	0	0	0	0	0	3
475	41	0	0.913461538	-93.7328736	-97.9154229	-104.328759	-89.1959576	15.1328014	0	0	0	0	0	3
480	41	0	0.923076923	-93.8268307	-98.0044781	-104.328759	-90.5985043	13.7302546	0	0	0	0	0	3
485	41	0	0.932692308	-93.927632	-98.0684998	-104.328759	-91.8987544	12.4300045	0	0	0	0	0	3
490	42	0	0.942307692	-94.0125254	-98.1091493	-104.328759	-93.0898555	11.2389034	0	0	0	0	0	3
495	42	0	0.951923077	-94.0959714	-98.0334289	-104.328759	-93.0898555	11.2389034	0	0	0	0	0	3
500	43	0	0.961538462	-94.1659323	-98.1293454	-104.328759	-93.3709281	10.9578308	0	0	0	0	0	3
505	43	0	0.971153846	-94.2248655	-98.1129268	-104.328759	-93.3709281	10.9578308	0	0	0	0	0	3
510	43	0	0.980769231	-94.2599451	-98.0402291	-104.328759	-93.3709281	10.9578308	0	0	0	0	0	3
515	44	0	0.990384615	-94.2791364	-98.0258138	-104.328759	-93.3709281	10.9578308	0	0	0	0	0	3
520	44	0	1	-94.2778189	-97.953583	-104.328759	-93.3709281	10.9578308	47.5432879	0	100	0	0	3
