Iteration	CPUTime	PhysTime	Travels	Value	AvValue	MinValue	MaxValue	Delta	Criteria	PrevAvRefValue	Progress	CriteriaType	CriteriaVarType	CriteriaPercentage
1	0	0	0.00192307692	4.24642868	4.24642868	4.24642868	4.24642868	0	0	0	0	0	0	3
5	1	0	0.00961538462	3.85406128	4.05024498	3.85406128	4.24642868	0.196183704	0	0	0	0	0	3
10	1	0	0.0192307692	3.46184524	3.85411173	3.46184524	4.24642868	0.392316952	0	0	0	0	0	3
15	1	0	0.0288461538	3.17361012	3.68398633	3.17361012	4.24642868	0.562442356	0	0	0	0	0	3
20	2	0	0.0384615385	3.00459825	3.54810871	3.00459825	4.24642868	0.698319972	0	0	0	0	0	3
25	2	0	0.0480769231	2.97054985	3.4518489	2.97054985	4.24642868	0.794579783	0	0	0	0	0	3
30	2	0	0.0576923077	2.70349538	3.34494126	2.70349538	4.24642868	0.901487428	0	0	0	0	0	3
35	2	0	0.0673076923	2.60317235	3.25222014	2.60317235	4.24642868	0.994208541	0	0	0	0	0	3
40	3	0	0.0769230769	2.54084616	3.17317859	2.54084616	4.24642868	1.07325009	0	0	0	0	0	3
45	3	0	0.0865384615	2.41399609	3.09726034	2.41399609	4.24642868	1.14916834	0	0	0	0	0	3
50	3	0	0.0961538462	2.29154887	3.02401384	2.29154887	4.24642868	1.22241484	0	0	0	0	0	3
55	4	0	0.105769231	2.29412076	2.96318942	2.29154887	4.24642868	1.28323926	0	0	0	0	0	3
60	4	0	0.115384615	2.22307819	2.90625779	2.22307819	4.24642868	1.3401709	0	0	0	0	0	3
65	4	0	0.125	2.061017	2.84588344	2.061017	4.24642868	1.40054524	0	0	0	0	0	3
70	5	0	0.134615385	1.99153658	2.78892699	1.99153658	4.24642868	1.4575017	0	0	0	0	0	3
75	5	0	0.144230769	1.92226345	2.73476052	1.92226345	4.24642868	1.51166817	0	0	0	0	0	3
80	5	0	0.153846154	1.88908789	2.68501507	1.88908789	4.24642868	1.56141362	0	0	0	0	0	3
85	5	0	0.163461538	1.85145933	2.63870641	1.85145933	4.24642868	1.60772227	0	0	0	0	0	3
90	6	0	0.173076923	1.90660139	2.60017457	1.85145933	4.24642868	1.64625411	0	0	0	0	0	3
95	6	0	0.182692308	1.88922752	2.56462722	1.85145933	4.24642868	1.68180147	0	0	0	0	0	3
100	6	0	0.192307692	1.96882974	2.53625591	1.85145933	4.24642868	1.71017277	0	0	0	0	0	3
105	7	0	0.201923077	2.02573784	2.51305054	1.85145933	4.24642868	1.73337814	0	0	0	0	0	3
110	7	0	0.211538462	1.99478332	2.49051719	1.85145933	4.24642868	1.7559115	0	0	0	0	0	3
115	8	0	0.221153846	2.03822534	2.47167169	1.85145933	4.24642868	1.77475699	0	0	0	0	0	3
120	8	0	0.230769231	2.0947956	2.45659665	1.85145933	4.24642868	1.78983204	0	0	0	0	0	3
125	8	0	0.240384615	2.09862376	2.44282846	1.85145933	4.24642868	1.80360022	0	0	0	0	0	3
130	9	0	0.25	2.12528416	2.43106756	1.85145933	4.24642868	1.81536112	0	0	0	0	0	3
135	9	0	0.259615385	2.22068524	2.42355391	1.85145933	4.24642868	1.82287478	0	0	0	0	0	3
140	10	0	0.269230769	2.28859472	2.41890014	1.85145933	4.24642868	1.82752854	0	0	0	0	0	3
145	10	0	0.278846154	2.27508431	2.41410628	1.85145933	4.24642868	1.8323224	0	0	0	0	0	3
150	10	0	0.288461538	2.33113188	2.41142969	1.85145933	4.24642868	1.834999	0	0	0	0	0	3
155	11	0	0.298076923	2.36983952	2.41012999	1.85145933	4.24642868	1.83629869	0	0	0	0	0	3
160	11	0	0.307692308	2.39256127	2.40959761	1.85145933	4.24642868	1.83683108	0	0	0	0	0	3
165	12	0	0.317307692	2.39281025	2.40910386	1.85145933	4.24642868	1.83732482	0	0	0	0	0	3
170	12	0	0.326923077	2.43677748	2.40989454	1.85145933	4.24642868	1.83732482	0	0	0	0	0	3
175	12	0	0.336538462	2.44138708	2.41076933	1.85145933	4.24642868	1.83732482	0	0	0	0	0	3
180	13	0	0.346153846	2.43246488	2.4113557	1.85145933	4.24642868	1.83732482	0	0	0	0	0	3
185	13	0	0.355769231	2.44901417	2.41234671	1.85145933	4.24642868	1.83732482	0	0	0	0	0	3
190	14	0	0.365384615	2.42608981	2.4126991	1.85145933	4.24642868	1.83732482	0	0	0	0	0	3
195	14	0	0.375	2.41790664	2.41282928	1.85145933	4.24642868	1.83732482	0	0	0	0	0	3
200	14	0	0.384615385	2.43385968	2.41334222	1.85145933	4.24642868	1.83732482	0	0	0	0	0	3
205	15	0	0.394230769	2.46041199	2.41446293	1.85145933	4.24642868	1.83732482	0	0	0	0	0	3
210	15	0	0.403846154	2.46597501	2.41566088	1.85145933	4.24642868	1.83732482	0	0	0	0	0	3
215	16	0	0.413461538	2.48558409	2.41725005	1.85145933	4.24642868	1.83732482	0	0	0	0	0	3
220	16	0	0.423076923	2.47128328	2.41845079	1.85145933	4.24642868	1.83732482	0	0	0	0	0	3
225	16	0	0.432692308	2.48841064	2.41997165	1.85145933	4.24642868	1.83732482	0	0	0	0	0	3
230	17	0	0.442307692	2.52445144	2.42219463	1.85145933	4.24642868	1.83732482	0	0	0	0	0	3
235	17	0	0.451923077	2.53068812	2.42445491	1.85145933	4.24642868	1.83732482	0	0	0	0	0	3
240	18	0	0.461538462	2.54296293	2.42687344	1.85145933	4.24642868	1.83732482	0	0	0	0	0	3
245	18	0	0.471153846	2.5361314	2.4290586	1.85145933	4.24642868	1.83732482	0	0	0	0	0	3
250	18	0	0.480769231	2.52838008	2.43100608	1.85145933	4.24642868	1.83732482	0	0	0	0	0	3
255	19	0	0.490384615	2.54400237	2.43317908	1.85145933	4.24642868	1.83732482	0	0	0	0	0	3
260	19	0	0.5	2.54210453	2.43523428	1.85145933	4.24642868	1.83732482	0	0	0	0	0	3
265	20	0	0.509615385	2.5528345	2.40327967	1.85145933	3.85406128	1.6469653	0	0	0	0	0	3
270	20	0	0.519230769	2.55113887	2.35786644	1.85145933	3.17361012	1.32215079	0	0	0	0	0	3
275	20	0	0.528846154	2.54656446	2.34580787	1.85145933	3.00459825	1.15313892	0	0	0	0	0	3
280	21	0	0.538461538	2.56166879	2.33729	1.85145933	2.97054985	1.1145589	0	0	0	0	0	3
285	21	0	0.548076923	2.55861202	2.32936812	1.85145933	2.70349538	0.852036055	0	0	0	0	0	3
290	22	0	0.557692308	2.5740517	2.32687882	1.85145933	2.60317235	0.751713027	0	0	0	0	0	3
295	22	0	0.567307692	2.56423873	2.32613009	1.85145933	2.5740517	0.722592376	0	0	0	0	0	3
300	22	0	0.576923077	2.559509	2.33053347	1.85145933	2.5740517	0.722592376	0	0	0	0	0	3
305	23	0	0.586538462	2.54720775	2.32905076	1.85145933	2.5740517	0.697883749	0	0	0	0	0	3
310	23	0	0.596153846	2.52088601	2.33346109	1.85145933	2.5740517	0.637059325	0	0	0	0	0	3
315	24	0	0.605769231	2.50540244	2.33670526	1.85145933	2.5740517	0.637059325	0	0	0	0	0	3
320	24	0	0.615384615	2.50227641	2.34289339	1.85145933	2.5740517	0.51975335	0	0	0	0	0	3
325	24	0	0.625	2.48995627	2.35114222	1.85145933	2.5740517	0.462796893	0	0	0	0	0	3
330	25	0	0.634615385	2.49372354	2.36079967	1.85145933	2.5740517	0.408630421	0	0	0	0	0	3
335	25	0	0.644230769	2.50433755	2.3719934	1.85145933	2.5740517	0.358884973	0	0	0	0	0	3
340	26	0	0.653846154	2.50560616	2.38384952	1.85145933	2.5740517	0.31257632	0	0	0	0	0	3
345	26	0	0.663461538	2.50695655	2.39645524	1.88922752	2.5740517	0.274044477	0	0	0	0	0	3
350	27	0	0.673076923	2.50999518	2.40805896	1.88922752	2.5740517	0.238497124	0	0	0	0	0	3
355	27	0	0.682692308	2.51645426	2.42012101	1.96882974	2.5740517	0.210125816	0	0	0	0	0	3
360	28	0	0.692307692	2.51341081	2.43059373	1.99478332	2.5740517	0.186920449	0	0	0	0	0	3
365	28	0	0.701923077	2.51481505	2.43218281	1.99478332	2.5740517	0.186920449	0	0	0	0	0	3
370	28	0	0.711538462	2.52399457	2.4501762	2.03822534	2.5740517	0.145541598	0	0	0	0	0	3
375	29	0	0.721153846	2.53072494	2.45964734	2.0947956	2.5740517	0.133517251	0	0	0	0	0	3
380	29	0	0.730769231	2.53195514	2.46101164	2.0947956	2.5740517	0.134881549	0	0	0	0	0	3
385	30	0	0.740384615	2.53973233	2.47653712	2.12528416	2.5740517	0.150407022	0	0	0	0	0	3
390	30	0	0.75	2.53526228	2.48442131	2.22068524	2.5740517	0.158291216	0	0	0	0	0	3
395	31	0	0.759615385	2.53332873	2.48534409	2.22068524	2.5740517	0.159213998	0	0	0	0	0	3
400	31	0	0.769230769	2.54762798	2.49541509	2.27508431	2.5740517	0.169285	0	0	0	0	0	3
405	32	0	0.778846154	2.55811115	2.50085792	2.33113188	2.5740517	0.174727824	0	0	0	0	0	3
410	32	0	0.788461538	2.56833501	2.50541952	2.36983952	2.5740517	0.179289423	0	0	0	0	0	3
415	32	0	0.798076923	2.57508206	2.50936649	2.39256127	2.57508206	0.182520793	0	0	0	0	0	3
420	33	0	0.807692308	2.57933133	2.51295822	2.39281025	2.57933133	0.186521078	0	0	0	0	0	3
425	33	0	0.817307692	2.58728201	2.51669806	2.41790664	2.58728201	0.169375378	0	0	0	0	0	3
430	34	0	0.826923077	2.58969645	2.51807539	2.41790664	2.58969645	0.171789814	0	0	0	0	0	3
435	34	0	0.836538462	2.58950212	2.52248718	2.41790664	2.58969645	0.171789814	0	0	0	0	0	3
440	34	0	0.846153846	2.58965821	2.52551013	2.41790664	2.58969645	0.171789814	0	0	0	0	0	3
445	35	0	0.855769231	2.58896099	2.52670731	2.41790664	2.58969645	0.171789814	0	0	0	0	0	3
450	35	0	0.865384615	2.59591607	2.5314673	2.41790664	2.59591607	0.178009439	0	0	0	0	0	3
455	35	0	0.875	2.59846182	2.53493952	2.43385968	2.59846182	0.164602135	0	0	0	0	0	3
460	36	0	0.884615385	2.5985514	2.53613974	2.43385968	2.5985514	0.164691719	0	0	0	0	0	3
465	36	0	0.894230769	2.5966679	2.54072697	2.46597501	2.5985514	0.132576393	0	0	0	0	0	3
470	37	0	0.903846154	2.59647474	2.54323658	2.47128328	2.5985514	0.127268123	0	0	0	0	0	3
475	37	0	0.913461538	2.6016334	2.5454683	2.47128328	2.6016334	0.130350124	0	0	0	0	0	3
480	37	0	0.923076923	2.60757628	2.54808932	2.48841064	2.60757628	0.11916564	0	0	0	0	0	3
485	38	0	0.932692308	2.60980941	2.55042391	2.48995627	2.60980941	0.119853136	0	0	0	0	0	3
490	38	0	0.942307692	2.60780711	2.5520269	2.48995627	2.60980941	0.119853136	0	0	0	0	0	3
495	39	0	0.951923077	2.61178489	2.55315441	2.48995627	2.61178489	0.121828614	0	0	0	0	0	3
500	39	0	0.961538462	2.61246779	2.55492309	2.48995627	2.61246779	0.122511523	0	0	0	0	0	3
505	40	0	0.971153846	2.60881921	2.55632093	2.48995627	2.61246779	0.122511523	0	0	0	0	0	3
510	40	0	0.980769231	2.60995952	2.55733298	2.48995627	2.61246779	0.122511523	0	0	0	0	0	3
515	40	0	0.990384615	2.61116439	2.55918134	2.48995627	2.61246779	0.122511523	0	0	0	0	0	3
520	41	0	1	2.6176365	2.56063388	2.48995627	2.6176365	0.127680233	0.230122995	0	100	0	0	3
525	41	0	1.00961538	2.62186339	2.56196136	2.48995627	2.62186339	0.131907121	0.230122995	0	100	0	0	3
530	41	0	1.01923077	2.62217978	2.56309756	2.48995627	2.62217978	0.132223513	0.230122995	0	100	0	0	3
535	42	0	1.02884615	2.62779387	2.56454388	2.48995627	2.62779387	0.137837604	0.230122995	0	100	0	0	3
540	42	0	1.03846154	2.62393255	2.56608701	2.48995627	2.62779387	0.137837604	0.230122995	0	100	0	0	3
545	43	0	1.04807692	2.62593701	2.56738173	2.48995627	2.62779387	0.137837604	0.230122995	0	100	0	0	3
550	43	0	1.05769231	2.63034909	2.56846437	2.48995627	2.63034909	0.140392817	0.230122995	0	100	0	0	3
555	44	0	1.06730769	2.63295642	2.56978586	2.48995627	2.63295642	0.143000153	0.230122995	0	100	0	0	3
560	44	0	1.07692308	2.62880066	2.57111839	2.48995627	2.63295642	0.143000153	0.230122995	0	100	0	0	3
565	44	0	1.08653846	2.63540549	2.57233136	2.48995627	2.63540549	0.14544922	0.230122995	0	100	0	0	3
570	45	0	1.09615385	2.63539885	2.57501667	2.48995627	2.63540549	0.14544922	0.230122995	0	100	0	0	3
575	45	0	1.10576923	2.64205388	2.57764459	2.48995627	2.64205388	0.152097604	0.230122995	0	100	0	0	3
580	46	0	1.11538462	2.63717559	2.5802388	2.48995627	2.64205388	0.152097604	0.230122995	0	100	0	0	3
585	46	0	1.125	2.64310798	2.58318403	2.49372354	2.64310798	0.149384439	0.230122995	0	100	0	0	3
590	47	0	1.13461538	2.64843415	2.58615923	2.50433755	2.64843415	0.144096604	0.230122995	0	100	0	0	3
595	47	0	1.14423077	2.65188847	2.58739941	2.50433755	2.65188847	0.147550927	0.230122995	0	100	0	0	3
600	48	0	1.15384615	2.65794064	2.59029758	2.50560616	2.65794064	0.152334479	0.230122995	0	100	0	0	3
605	48	0	1.16346154	2.65426916	2.59475919	2.50999518	2.65794064	0.14794546	0.230122995	0	100	0	0	3
610	48	0	1.17307692	2.65647977	2.5975762	2.51341081	2.65794064	0.144529831	0.230122995	0	100	0	0	3
615	49	0	1.18269231	2.65566066	2.60025325	2.51341081	2.65794064	0.144529831	0.230122995	0	100	0	0	3
620	49	0	1.19230769	2.6548072	2.60297241	2.51481505	2.65794064	0.143125593	0.230122995	0	100	0	0	3
625	50	0	1.20192308	2.66258035	2.60581405	2.52399457	2.66258035	0.138585779	0.230122995	0	100	0	0	3
630	50	0	1.21153846	2.65663257	2.60677289	2.52399457	2.66258035	0.138585779	0.230122995	0	100	0	0	3
635	51	0	1.22115385	2.65958208	2.61084281	2.53195514	2.66258035	0.130625201	0.230122995	0	100	0	0	3
640	51	0	1.23076923	2.66268446	2.61335683	2.53332873	2.66268446	0.129355734	0.230122995	0	100	0	0	3
645	51	0	1.24038462	2.66352966	2.61573755	2.53332873	2.66352966	0.130200929	0.230122995	0	100	0	0	3
650	52	0	1.25	2.66470886	2.61822691	2.53332873	2.66470886	0.131380132	0.230122995	0	100	0	0	3
655	52	0	1.25961538	2.6643188	2.62074595	2.54762798	2.66470886	0.117080879	0.230122995	0	100	0	0	3
660	53	0	1.26923077	2.66374255	2.6215572	2.54762798	2.66470886	0.117080879	0.230122995	0	100	0	0	3
665	53	0	1.27884615	2.65986123	2.62367481	2.55811115	2.66470886	0.106597711	0.230122995	0	100	0	0	3
670	54	0	1.28846154	2.66472446	2.62678929	2.57508206	2.66472446	0.0896424035	0.230122995	0	100	0	0	3
675	54	0	1.29807692	2.66944858	2.62860403	2.57933133	2.66944858	0.0901172534	0.230122995	0	100	0	0	3
680	54	0	1.30769231	2.66736924	2.63029707	2.58728201	2.66944858	0.0821665688	0.230122995	0	100	0	0	3
685	55	0	1.31730769	2.6693355	2.63187502	2.58896099	2.66944858	0.0804875942	0.230122995	0	100	0	0	3
690	55	0	1.32692308	2.67126808	2.63344371	2.58896099	2.67126808	0.0823070948	0.230122995	0	100	0	0	3
695	55	0	1.33653846	2.67421534	2.63421298	2.58896099	2.67421534	0.0852543515	0.230122995	0	100	0	0	3
700	55	0	1.34615385	2.67359667	2.63668701	2.58896099	2.67421534	0.0852543515	0.230122995	0	100	0	0	3
705	56	0	1.35576923	2.67262073	2.63829585	2.59591607	2.67421534	0.078299265	0.230122995	0	100	0	0	3
710	56	0	1.36538462	2.6760953	2.63983776	2.59647474	2.6760953	0.0796205676	0.230122995	0	100	0	0	3
715	56	0	1.375	2.67631974	2.64133503	2.59647474	2.67631974	0.0798450037	0.230122995	0	100	0	0	3
720	56	0	1.38461538	2.68584805	2.64301381	2.59647474	2.68584805	0.0893733173	0.230122995	0	100	0	0	3
725	57	0	1.39423077	2.67874806	2.64368804	2.59647474	2.68584805	0.0893733173	0.230122995	0	100	0	0	3
730	57	0	1.40384615	2.67696293	2.64520304	2.59647474	2.68584805	0.0893733173	0.230122995	0	100	0	0	3
735	57	0	1.41346154	2.68041626	2.64765518	2.60757628	2.68584805	0.0782717704	0.230122995	0	100	0	0	3
740	58	0	1.42307692	2.67919331	2.64903243	2.60780711	2.68584805	0.0780409444	0.230122995	0	100	0	0	3
745	58	0	1.43269231	2.67834287	2.65035038	2.60780711	2.68584805	0.0780409444	0.230122995	0	100	0	0	3
750	58	0	1.44230769	2.67607791	2.65166328	2.60881921	2.68584805	0.0770288477	0.230122995	0	100	0	0	3
755	58	0	1.45192308	2.68079426	2.65299038	2.60881921	2.68584805	0.0770288477	0.230122995	0	100	0	0	3
760	59	0	1.46153846	2.67414459	2.65338952	2.60881921	2.68584805	0.0770288477	0.230122995	0	100	0	0	3
765	59	0	1.47115385	2.67985084	2.65554247	2.60995952	2.68584805	0.0758885301	0.230122995	0	100	0	0	3
770	59	0	1.48076923	2.67420219	2.6567779	2.61116439	2.68584805	0.0746836622	0.230122995	0	100	0	0	3
775	59	0	1.49038462	2.67693388	2.6580427	2.6176365	2.68584805	0.0682115501	0.230122995	0	100	0	0	3
780	60	0	1.5	2.68126359	2.6592663	2.62186339	2.68584805	0.0639846617	0.230122995	0	100	0	0	3
785	60	0	1.50961538	2.68034592	2.66039096	2.62217978	2.68584805	0.0636682695	0.230122995	0	100	0	0	3
