Iteration	CPUTime	PhysTime	Travels	Value	AvValue	MinValue	MaxValue	Delta	Criteria	PrevAvRefValue	Progress	CriteriaType	CriteriaVarType	CriteriaPercentage
1	0	0	0.00192307692	19.8534517	19.8534517	19.8534517	19.8534517	0	0	0	0	0	0	3
5	1	0	0.00961538462	30.0938906	24.9736712	19.8534517	30.0938906	5.12021949	0	0	0	0	0	3
10	1	0	0.0192307692	36.0445045	28.6639489	19.8534517	36.0445045	8.81049729	0	0	0	0	0	3
15	1	0	0.0288461538	38.3583763	31.0875558	19.8534517	38.3583763	11.2341041	0	0	0	0	0	3
20	2	0	0.0384615385	38.8444238	32.6389294	19.8534517	38.8444238	12.7854777	0	0	0	0	0	3
25	2	0	0.0480769231	38.6581942	33.6421402	19.8534517	38.8444238	13.7886885	0	0	0	0	0	3
30	2	0	0.0576923077	38.285604	34.3054922	19.8534517	38.8444238	14.4520405	0	0	0	0	0	3
35	2	0	0.0673076923	37.8151788	34.744203	19.8534517	38.8444238	14.8907513	0	0	0	0	0	3
40	3	0	0.0769230769	37.1788656	35.0147211	19.8534517	38.8444238	15.1612694	0	0	0	0	0	3
45	3	0	0.0865384615	36.3508784	35.1483368	19.8534517	38.8444238	15.2948851	0	0	0	0	0	3
50	3	0	0.0961538462	35.2663469	35.159065	19.8534517	38.8444238	15.3056133	0	0	0	0	0	3
55	4	0	0.105769231	33.895076	35.0537326	19.8534517	38.8444238	15.3056133	0	0	0	0	0	3
60	4	0	0.115384615	32.2755065	34.8400229	19.8534517	38.8444238	15.3056133	0	0	0	0	0	3
65	4	0	0.125	30.5409918	34.5329492	19.8534517	38.8444238	15.3056133	0	0	0	0	0	3
70	5	0	0.134615385	28.7209224	34.1454808	19.8534517	38.8444238	15.3056133	0	0	0	0	0	3
75	5	0	0.144230769	26.892152	33.6921477	19.8534517	38.8444238	15.3056133	0	0	0	0	0	3
80	5	0	0.153846154	25.1850953	33.1917329	19.8534517	38.8444238	15.3056133	0	0	0	0	0	3
85	5	0	0.163461538	23.6654907	32.6624972	19.8534517	38.8444238	15.3056133	0	0	0	0	0	3
90	6	0	0.173076923	22.3749641	32.1210481	19.8534517	38.8444238	15.3056133	0	0	0	0	0	3
95	6	0	0.182692308	21.281265	31.5790589	19.8534517	38.8444238	15.3056133	0	0	0	0	0	3
100	6	0	0.192307692	20.4248438	31.0479058	19.8534517	38.8444238	15.3056133	0	0	0	0	0	3
105	7	0	0.201923077	19.8018171	30.53672	19.8018171	38.8444238	15.3056133	0	0	0	0	0	3
110	7	0	0.211538462	19.4040443	30.0526906	19.4040443	38.8444238	15.3056133	0	0	0	0	0	3
115	8	0	0.221153846	19.2128582	29.6010309	19.2128582	38.8444238	15.3056133	0	0	0	0	0	3
120	8	0	0.230769231	19.1856442	29.1844154	19.1856442	38.8444238	15.3056133	0	0	0	0	0	3
125	8	0	0.240384615	19.2899392	28.8038587	19.1856442	38.8444238	15.3056133	0	0	0	0	0	3
130	9	0	0.25	19.510071	28.4596443	19.1856442	38.8444238	15.3056133	0	0	0	0	0	3
135	9	0	0.259615385	19.8268738	28.1513311	19.1856442	38.8444238	15.3056133	0	0	0	0	0	3
140	10	0	0.269230769	20.2172303	27.8777414	19.1856442	38.8444238	15.3056133	0	0	0	0	0	3
145	10	0	0.278846154	20.6453205	27.6366607	19.1856442	38.8444238	15.3056133	0	0	0	0	0	3
150	10	0	0.288461538	21.081038	27.425189	19.1856442	38.8444238	15.3056133	0	0	0	0	0	3
155	11	0	0.298076923	21.503248	27.2401283	19.1856442	38.8444238	15.3056133	0	0	0	0	0	3
160	11	0	0.307692308	21.8957792	27.0781784	19.1856442	38.8444238	15.3056133	0	0	0	0	0	3
165	12	0	0.317307692	22.2356506	26.9357511	19.1856442	38.8444238	15.3056133	0	0	0	0	0	3
170	12	0	0.326923077	22.5008605	26.8090399	19.1856442	38.8444238	15.3056133	0	0	0	0	0	3
175	12	0	0.336538462	22.6607233	26.6938089	19.1856442	38.8444238	15.3056133	0	0	0	0	0	3
180	13	0	0.346153846	22.7070961	26.5860599	19.1856442	38.8444238	15.3056133	0	0	0	0	0	3
185	13	0	0.355769231	22.6650419	26.4828752	19.1856442	38.8444238	15.3056133	0	0	0	0	0	3
190	14	0	0.365384615	22.5485877	26.3819961	19.1856442	38.8444238	15.3056133	0	0	0	0	0	3
195	14	0	0.375	22.369274	26.281678	19.1856442	38.8444238	15.3056133	0	0	0	0	0	3
200	14	0	0.384615385	22.1333387	26.180499	19.1856442	38.8444238	15.3056133	0	0	0	0	0	3
205	15	0	0.394230769	21.8658248	26.0777687	19.1856442	38.8444238	15.3056133	0	0	0	0	0	3
210	15	0	0.403846154	21.5808341	25.9731888	19.1856442	38.8444238	15.3056133	0	0	0	0	0	3
215	16	0	0.413461538	21.2947273	25.8668601	19.1856442	38.8444238	15.3056133	0	0	0	0	0	3
220	16	0	0.423076923	21.0122677	25.7589803	19.1856442	38.8444238	15.3056133	0	0	0	0	0	3
225	16	0	0.432692308	20.7392788	25.6498563	19.1856442	38.8444238	15.3056133	0	0	0	0	0	3
230	17	0	0.442307692	20.4768499	25.5397924	19.1856442	38.8444238	15.3056133	0	0	0	0	0	3
235	17	0	0.451923077	20.2245679	25.4290585	19.1856442	38.8444238	15.3056133	0	0	0	0	0	3
240	18	0	0.461538462	19.9863889	25.3179836	19.1856442	38.8444238	15.3056133	0	0	0	0	0	3
245	18	0	0.471153846	19.7624897	25.2068738	19.1856442	38.8444238	15.3056133	0	0	0	0	0	3
250	18	0	0.480769231	19.5530235	25.096014	19.1856442	38.8444238	15.3056133	0	0	0	0	0	3
255	19	0	0.490384615	19.3616303	24.9857373	19.1856442	38.8444238	15.3056133	0	0	0	0	0	3
260	19	0	0.5	19.1929863	24.8764402	19.1856442	38.8444238	15.3056133	0	0	0	0	0	3
265	20	0	0.509615385	19.0534448	24.8613457	19.0534448	38.8444238	10.2977193	0	0	0	0	0	3
270	20	0	0.519230769	18.9472892	24.4319272	18.9472892	38.8444238	10.7271378	0	0	0	0	0	3
275	20	0	0.528846154	18.8629575	24.0570153	18.8629575	38.8444238	11.1020497	0	0	0	0	0	3
280	21	0	0.538461538	18.7997187	23.6715402	18.7997187	38.6581942	11.4875248	0	0	0	0	0	3
285	21	0	0.548076923	18.7653924	23.2889863	18.7653924	38.285604	11.8700786	0	0	0	0	0	3
290	22	0	0.557692308	18.7584934	22.913465	18.7584934	37.8151788	12.2456	0	0	0	0	0	3
295	22	0	0.567307692	18.7715702	22.5472417	18.7584934	37.1788656	12.6118232	0	0	0	0	0	3
300	22	0	0.576923077	18.8055518	22.4766438	18.7584934	37.1788656	12.6824212	0	0	0	0	0	3
305	23	0	0.586538462	18.8569585	21.8574872	18.7584934	35.2663469	13.3015777	0	0	0	0	0	3
310	23	0	0.596153846	18.9191149	21.5431174	18.7584934	33.895076	13.5106152	0	0	0	0	0	3
315	24	0	0.605769231	18.9870634	21.49489	18.7584934	33.895076	13.5588426	0	0	0	0	0	3
320	24	0	0.615384615	19.0577878	21.002238	18.7584934	30.5409918	11.7824984	0	0	0	0	0	3
325	24	0	0.625	19.1258846	20.7827167	18.7584934	28.7209224	9.96242894	0	0	0	0	0	3
330	25	0	0.634615385	19.1939508	20.5995057	18.7584934	26.892152	8.13365861	0	0	0	0	0	3
335	25	0	0.644230769	19.2563158	20.4526627	18.7584934	25.1850953	6.42660184	0	0	0	0	0	3
340	26	0	0.653846154	19.3112484	20.3397041	18.7584934	23.6654907	4.90699723	0	0	0	0	0	3
345	26	0	0.663461538	19.358586	20.256879	18.7584934	22.7070961	3.94860263	0	0	0	0	0	3
350	27	0	0.673076923	19.3951332	20.1995745	18.7584934	22.7070961	3.94860263	0	0	0	0	0	3
355	27	0	0.682692308	19.423245	20.1638434	18.7584934	22.7070961	3.94860263	0	0	0	0	0	3
360	28	0	0.692307692	19.4436173	20.1449736	18.7584934	22.7070961	3.94860263	0	0	0	0	0	3
365	28	0	0.701923077	19.4559038	20.1319723	18.7584934	22.7070961	3.94860263	0	0	0	0	0	3
370	28	0	0.711538462	19.4660714	20.1395143	18.7584934	22.7070961	3.94860263	0	0	0	0	0	3
375	29	0	0.721153846	19.4828114	20.1447057	18.7584934	22.7070961	3.94860263	0	0	0	0	0	3
380	29	0	0.730769231	19.5075166	20.1326833	18.7584934	22.7070961	3.94860263	0	0	0	0	0	3
385	30	0	0.740384615	19.5363698	20.1556346	18.7584934	22.7070961	3.94860263	0	0	0	0	0	3
390	30	0	0.75	19.5688233	20.1567645	18.7584934	22.7070961	3.94860263	0	0	0	0	0	3
395	31	0	0.759615385	19.6092616	20.1464342	18.7584934	22.7070961	3.94860263	0	0	0	0	0	3
400	31	0	0.769230769	19.651765	20.1417053	18.7584934	22.7070961	3.94860263	0	0	0	0	0	3
405	32	0	0.778846154	19.6947041	20.1234242	18.7584934	22.7070961	3.94860263	0	0	0	0	0	3
410	32	0	0.788461538	19.7400593	20.0976361	18.7584934	22.7070961	3.94860263	0	0	0	0	0	3
415	32	0	0.798076923	19.7855744	20.064604	18.7584934	22.7070961	3.94860263	0	0	0	0	0	3
420	33	0	0.807692308	19.8331423	20.0249379	18.7584934	22.7070961	3.94860263	0	0	0	0	0	3
425	33	0	0.817307692	19.8807239	19.9796508	18.7584934	22.7070961	3.94860263	0	0	0	0	0	3
430	34	0	0.826923077	19.9270956	19.9786592	18.7584934	22.7070961	3.94860263	0	0	0	0	0	3
435	34	0	0.836538462	19.9727217	19.878463	18.7584934	22.7070961	3.94860263	0	0	0	0	0	3
440	34	0	0.846153846	20.0155136	19.8267018	18.7584934	22.6650419	3.90654845	0	0	0	0	0	3
445	35	0	0.855769231	20.0587719	19.8310805	18.7584934	22.6650419	3.90654845	0	0	0	0	0	3
450	35	0	0.865384615	20.0954903	19.7294063	18.7584934	22.369274	3.61078058	0	0	0	0	0	3
455	35	0	0.875	20.1336931	19.6864143	18.7584934	22.1333387	3.3748453	0	0	0	0	0	3
460	36	0	0.884615385	20.1649565	19.6954434	18.7584934	22.1333387	3.3748453	0	0	0	0	0	3
465	36	0	0.894230769	20.1939724	19.6164098	18.7584934	21.5808341	2.82234068	0	0	0	0	0	3
470	37	0	0.903846154	20.2168253	19.5901789	18.7584934	21.2947273	2.53623383	0	0	0	0	0	3
475	37	0	0.913461538	20.2404479	19.5699043	18.7584934	21.0122677	2.2537743	0	0	0	0	0	3
480	37	0	0.923076923	20.2602328	19.5554421	18.7584934	20.7392788	1.98078536	0	0	0	0	0	3
485	38	0	0.932692308	20.2671582	19.5463628	18.7584934	20.4768499	1.7183565	0	0	0	0	0	3
490	38	0	0.942307692	20.2675608	19.542338	18.7584934	20.2675608	1.50906737	0	0	0	0	0	3
495	39	0	0.951923077	20.2657081	19.5559865	18.7584934	20.2675608	1.50906737	0	0	0	0	0	3
500	39	0	0.961538462	20.2519086	19.5482353	18.7584934	20.2675608	1.50906737	0	0	0	0	0	3
505	40	0	0.971153846	20.2268544	19.5571654	18.7584934	20.2675608	1.50906737	0	0	0	0	0	3
510	40	0	0.980769231	20.1993197	19.5692815	18.7584934	20.2675608	1.50906737	0	0	0	0	0	3
515	40	0	0.990384615	20.1731482	19.5852003	18.7584934	20.2675608	1.50906737	0	0	0	0	0	3
520	41	0	1	20.1453975	19.6035159	18.7584934	20.2675608	1.50906737	2.30811443	0	100	0	0	3
525	41	0	1.00961538	20.1126058	19.6238844	18.7584934	20.2675608	1.50906737	2.30811443	0	100	0	0	3
530	41	0	1.01923077	20.072796	19.6323544	18.7584934	20.2675608	1.50906737	2.30811443	0	100	0	0	3
535	42	0	1.02884615	20.0326517	19.652833	18.7584934	20.2675608	1.50906737	2.30811443	0	100	0	0	3
540	42	0	1.03846154	20.0013134	19.6911305	18.7584934	20.2675608	1.50906737	2.30811443	0	100	0	0	3
545	43	0	1.04807692	19.9685385	19.7142679	18.7584934	20.2675608	1.50906737	2.30811443	0	100	0	0	3
550	43	0	1.05769231	19.943322	19.737053	18.7715702	20.2675608	1.49599061	2.30811443	0	100	0	0	3
555	44	0	1.06730769	19.9136099	19.7590154	18.8055518	20.2675608	1.462009	2.30811443	0	100	0	0	3
560	44	0	1.07692308	19.8880409	19.7798324	18.8569585	20.2675608	1.41060233	2.30811443	0	100	0	0	3
565	44	0	1.08653846	19.8678372	19.7814929	18.8569585	20.2675608	1.41060233	2.30811443	0	100	0	0	3
570	45	0	1.09615385	19.8492995	19.8171606	18.9870634	20.2675608	1.2804974	2.30811443	0	100	0	0	3
575	45	0	1.10576923	19.837242	19.8335102	19.0577878	20.2675608	1.20977296	2.30811443	0	100	0	0	3
580	46	0	1.11538462	19.8255359	19.8482746	19.1258846	20.2675608	1.14167625	2.30811443	0	100	0	0	3
585	46	0	1.125	19.8203564	19.8616298	19.1939508	20.2675608	1.05716764	2.30811443	0	100	0	0	3
590	47	0	1.13461538	19.8148791	19.8735707	19.2563158	20.2675608	0.910324636	2.30811443	0	100	0	0	3
595	47	0	1.14423077	19.8117033	19.8724034	19.2563158	20.2675608	0.910324636	2.30811443	0	100	0	0	3
600	48	0	1.15384615	19.8207501	19.8830531	19.3112484	20.2675608	0.797366043	2.30811443	0	100	0	0	3
605	48	0	1.16346154	19.8198994	19.9029208	19.3951332	20.2675608	0.657236513	2.30811443	0	100	0	0	3
610	48	0	1.17307692	19.8236726	19.9111619	19.423245	20.2675608	0.621505359	2.30811443	0	100	0	0	3
615	49	0	1.18269231	19.8329365	19.9190406	19.4436173	20.2675608	0.614426433	2.30811443	0	100	0	0	3
620	49	0	1.19230769	19.8398296	19.9266601	19.4559038	20.2675608	0.614426433	2.30811443	0	100	0	0	3
625	50	0	1.20192308	19.8458668	19.9341594	19.4660714	20.2675608	0.614426433	2.30811443	0	100	0	0	3
630	50	0	1.21153846	19.8621099	19.9327999	19.4660714	20.2675608	0.614426433	2.30811443	0	100	0	0	3
635	51	0	1.22115385	19.8663059	19.9491504	19.5075166	20.2675608	0.614426433	2.30811443	0	100	0	0	3
640	51	0	1.23076923	19.8778991	19.9562731	19.5363698	20.2675608	0.614426433	2.30811443	0	100	0	0	3
645	51	0	1.24038462	19.8866436	19.9630091	19.5688233	20.2675608	0.614426433	2.30811443	0	100	0	0	3
650	52	0	1.25	19.8927811	19.9692391	19.6092616	20.2675608	0.60409619	2.30811443	0	100	0	0	3
655	52	0	1.25961538	19.8950215	19.9747345	19.651765	20.2675608	0.599367249	2.30811443	0	100	0	0	3
660	53	0	1.26923077	19.9047828	19.9734146	19.651765	20.2675608	0.599367249	2.30811443	0	100	0	0	3
665	53	0	1.27884615	19.9047126	19.9781872	19.6947041	20.2675608	0.572856676	2.30811443	0	100	0	0	3
670	54	0	1.28846154	19.9061617	19.9868331	19.7855744	20.2675608	0.481986408	2.30811443	0	100	0	0	3
675	54	0	1.29807692	19.9116312	19.9892573	19.8117033	20.2675608	0.455857546	2.30811443	0	100	0	0	3
680	54	0	1.30769231	19.9145748	19.9908233	19.8117033	20.2675608	0.448485269	2.30811443	0	100	0	0	3
685	55	0	1.31730769	19.9137715	19.9914588	19.8117033	20.2675608	0.4491208	2.30811443	0	100	0	0	3
690	55	0	1.32692308	19.9203619	19.9913293	19.8117033	20.2675608	0.4491208	2.30811443	0	100	0	0	3
695	55	0	1.33653846	19.9216844	19.9900153	19.8117033	20.2675608	0.4491208	2.30811443	0	100	0	0	3
700	55	0	1.34615385	19.9251356	19.9886098	19.8117033	20.2675608	0.4491208	2.30811443	0	100	0	0	3
705	56	0	1.35576923	19.936748	19.9862632	19.8117033	20.2675608	0.4491208	2.30811443	0	100	0	0	3
710	56	0	1.36538462	19.9413385	19.9832987	19.8117033	20.2675608	0.4491208	2.30811443	0	100	0	0	3
715	56	0	1.375	19.9439018	19.9796489	19.8117033	20.2675608	0.4491208	2.30811443	0	100	0	0	3
720	56	0	1.38461538	19.952994	19.9755727	19.8117033	20.2675608	0.4491208	2.30811443	0	100	0	0	3
725	57	0	1.39423077	19.956785	19.9752182	19.8117033	20.2675608	0.4491208	2.30811443	0	100	0	0	3
730	57	0	1.40384615	19.9672283	19.97094	19.8117033	20.2675608	0.4491208	2.30811443	0	100	0	0	3
735	57	0	1.41346154	19.9751266	19.9611091	19.8117033	20.2675608	0.4491208	2.30811443	0	100	0	0	3
740	58	0	1.42307692	19.981881	19.9557562	19.8117033	20.2675608	0.4491208	2.30811443	0	100	0	0	3
745	58	0	1.43269231	19.9907995	19.9504416	19.8117033	20.2675608	0.4491208	2.30811443	0	100	0	0	3
750	58	0	1.44230769	19.9981667	19.945261	19.8117033	20.2657081	0.443223495	2.30811443	0	100	0	0	3
755	58	0	1.45192308	20.0054873	19.9402567	19.8117033	20.2519086	0.440205378	2.30811443	0	100	0	0	3
760	59	0	1.46153846	20.0133504	19.9416358	19.8117033	20.2519086	0.440205378	2.30811443	0	100	0	0	3
765	59	0	1.47115385	20.0167325	19.9316283	19.8117033	20.1993197	0.387616453	2.30811443	0	100	0	0	3
770	59	0	1.48076923	20.0194125	19.9281685	19.8117033	20.1731482	0.361444921	2.30811443	0	100	0	0	3
775	59	0	1.49038462	20.0247587	19.9253149	19.8117033	20.1453975	0.333694267	2.30811443	0	100	0	0	3
780	60	0	1.5	20.0296301	19.9230886	19.8117033	20.1126058	0.30090258	2.30811443	0	100	0	0	3
785	60	0	1.50961538	20.0284022	19.9214693	19.8117033	20.072796	0.261092725	2.30811443	0	100	0	0	3
