Iteration	CPUTime	PhysTime	Travels	Value	AvValue	MinValue	MaxValue	Delta	Criteria	PrevAvRefValue	Progress	CriteriaType	CriteriaVarType	CriteriaPercentage
1	1	0	0.00227272727	70565.2278	70565.2278	70565.2278	70565.2278	0	0	0	0	0	0	3
5	1	0	0.0113636364	69778.285	70171.7564	69778.285	70565.2278	393.471388	0	0	0	0	0	3
10	1	0	0.0227272727	68897.4439	69746.9856	68897.4439	70565.2278	818.242223	0	0	0	0	0	3
15	1	0	0.0340909091	68062.2235	69325.795	68062.2235	70565.2278	1239.43275	0	0	0	0	0	3
20	2	0	0.0454545455	67339.1347	68928.463	67339.1347	70565.2278	1636.76481	0	0	0	0	0	3
25	2	0	0.0568181818	66740.5504	68563.8109	66740.5504	70565.2278	2001.41691	0	0	0	0	0	3
30	2	0	0.0681818182	66279.037	68237.4146	66279.037	70565.2278	2327.81317	0	0	0	0	0	3
35	2	0	0.0795454545	65967.0197	67953.6152	65967.0197	70565.2278	2611.61253	0	0	0	0	0	3
40	3	0	0.0909090909	65763.3374	67710.251	65763.3374	70565.2278	2854.97674	0	0	0	0	0	3
45	3	0	0.102272727	65585.2062	67497.7466	65585.2062	70565.2278	3067.48122	0	0	0	0	0	3
50	3	0	0.113636364	65364.7907	67303.8415	65364.7907	70565.2278	3261.3863	0	0	0	0	0	3
55	3	0	0.125	65083.3799	67118.803	65083.3799	70565.2278	3446.42476	0	0	0	0	0	3
60	4	0	0.136363636	64743.6236	66936.0969	64743.6236	70565.2278	3629.13087	0	0	0	0	0	3
65	4	0	0.147727273	64350.1503	66751.3864	64350.1503	70565.2278	3813.84134	0	0	0	0	0	3
70	4	0	0.159090909	63920.3804	66562.6527	63920.3804	70565.2278	4002.57507	0	0	0	0	0	3
75	4	0	0.170454545	63475.0481	66369.6774	63475.0481	70565.2278	4195.55036	0	0	0	0	0	3
80	5	0	0.181818182	63039.3461	66173.7756	63039.3461	70565.2278	4391.45221	0	0	0	0	0	3
85	5	0	0.193181818	62629.1019	65976.8493	62629.1019	70565.2278	4588.37852	0	0	0	0	0	3
90	5	0	0.204545455	62257.2514	65781.0809	62257.2514	70565.2278	4784.14683	0	0	0	0	0	3
95	5	0	0.215909091	61931.207	65588.5873	61931.207	70565.2278	4976.64052	0	0	0	0	0	3
100	6	0	0.227272727	61651.2153	65401.0933	61651.2153	70565.2278	5164.13443	0	0	0	0	0	3
105	6	0	0.238636364	61419.4283	65220.1086	61419.4283	70565.2278	5345.1192	0	0	0	0	0	3
110	6	0	0.25	61231.7267	65046.7007	61231.7267	70565.2278	5518.52711	0	0	0	0	0	3
115	7	0	0.261363636	61082.3538	64881.5195	61082.3538	70565.2278	5683.70823	0	0	0	0	0	3
120	7	0	0.272727273	60959.8444	64724.6525	60959.8444	70565.2278	5840.57523	0	0	0	0	0	3
125	7	0	0.284090909	60856.0155	64575.8588	60856.0155	70565.2278	5989.36897	0	0	0	0	0	3
130	7	0	0.295454545	60763.9732	64434.6779	60763.9732	70565.2278	6130.54992	0	0	0	0	0	3
135	8	0	0.306818182	60678.7926	64300.5391	60678.7926	70565.2278	6264.68867	0	0	0	0	0	3
140	8	0	0.318181818	60597.9399	64172.8633	60597.9399	70565.2278	6392.36451	0	0	0	0	0	3
145	8	0	0.329545455	60519.1973	64051.0744	60519.1973	70565.2278	6514.15337	0	0	0	0	0	3
150	9	0	0.340909091	60447.2634	63934.8224	60447.2634	70565.2278	6630.40534	0	0	0	0	0	3
155	9	0	0.352272727	60375.4426	63823.5918	60375.4426	70565.2278	6741.63596	0	0	0	0	0	3
160	9	0	0.363636364	60302.2676	63716.885	60302.2676	70565.2278	6848.34275	0	0	0	0	0	3
165	9	0	0.375	60227.1569	63614.246	60227.1569	70565.2278	6950.98182	0	0	0	0	0	3
170	10	0	0.386363636	60153.2054	63515.3591	60153.2054	70565.2278	7049.86869	0	0	0	0	0	3
175	10	0	0.397727273	60078.6728	63419.8956	60078.6728	70565.2278	7145.3322	0	0	0	0	0	3
180	10	0	0.409090909	60006.4573	63327.6405	60006.4573	70565.2278	7237.58729	0	0	0	0	0	3
185	10	0	0.420454545	59935.791	63238.3813	59935.791	70565.2278	7326.84648	0	0	0	0	0	3
190	11	0	0.431818182	59867.6684	63151.9528	59867.6684	70565.2278	7413.27502	0	0	0	0	0	3
195	11	0	0.443181818	59802.4092	63068.2142	59802.4092	70565.2278	7497.01361	0	0	0	0	0	3
200	11	0	0.454545455	59740.0443	62987.0393	59740.0443	70565.2278	7578.18848	0	0	0	0	0	3
205	12	0	0.465909091	59682.6165	62908.3626	59682.6165	70565.2278	7656.86522	0	0	0	0	0	3
210	12	0	0.477272727	59627.4052	62832.0612	59627.4052	70565.2278	7733.16655	0	0	0	0	0	3
215	12	0	0.488636364	59577.5765	62758.0957	59577.5765	70565.2278	7807.13211	0	0	0	0	0	3
220	12	0	0.5	59532.2673	62686.4106	59532.2673	70565.2278	7878.81719	0	0	0	0	0	3
225	13	0	0.511363636	59488.5912	62273.4899	59488.5912	68897.4439	7473.49567	0	0	0	0	0	3
230	13	0	0.522727273	59449.1937	62058.7569	59449.1937	68062.2235	7267.03811	0	0	0	0	0	3
235	13	0	0.534090909	59413.6039	61862.1974	59413.6039	67339.1347	7066.26558	0	0	0	0	0	3
240	14	0	0.545454545	59378.5173	61807.0045	59378.5173	67339.1347	7121.45847	0	0	0	0	0	3
245	14	0	0.556818182	59347.819	61629.4197	59347.819	66740.5504	6934.39117	0	0	0	0	0	3
250	14	0	0.568181818	59318.3388	61355.06	59318.3388	65967.0197	6598.55529	0	0	0	0	0	3
255	14	0	0.579545455	59291.5555	61203.3449	59291.5555	65763.3374	6471.78187	0	0	0	0	0	3
260	15	0	0.590909091	59263.7657	61055.6273	59263.7657	65585.2062	6321.44051	0	0	0	0	0	3
265	15	0	0.602272727	59234.4893	60911.2928	59234.4893	65364.7907	6130.30142	0	0	0	0	0	3
270	15	0	0.613636364	59207.086	60771.345	59207.086	65083.3799	5876.29385	0	0	0	0	0	3
275	15	0	0.625	59176.1083	60637.0888	59176.1083	64743.6236	5567.51538	0	0	0	0	0	3
280	16	0	0.636363636	59145.701	60509.8633	59145.701	64350.1503	5204.44937	0	0	0	0	0	3
285	16	0	0.647727273	59114.7696	60390.8774	59114.7696	63920.3804	4805.61085	0	0	0	0	0	3
290	16	0	0.659090909	59085.1765	60280.9864	59085.1765	63475.0481	4389.87153	0	0	0	0	0	3
295	17	0	0.670454545	59054.6117	60180.5219	59054.6117	63039.3461	3984.73441	0	0	0	0	0	3
300	17	0	0.681818182	59024.0821	60154.8233	59024.0821	63039.3461	4015.26398	0	0	0	0	0	3
305	17	0	0.693181818	58994.5162	60006.6617	58994.5162	62257.2514	3262.73518	0	0	0	0	0	3
310	17	0	0.704545455	58963.4072	59931.8016	58963.4072	61931.207	2967.79982	0	0	0	0	0	3
315	18	0	0.715909091	58933.4917	59863.6717	58933.4917	61651.2153	2717.72352	0	0	0	0	0	3
320	18	0	0.727272727	58904.4558	59801.2454	58904.4558	61419.4283	2514.97247	0	0	0	0	0	3
325	18	0	0.738636364	58873.6086	59743.3858	58873.6086	61231.7267	2358.11819	0	0	0	0	0	3
330	19	0	0.75	58843.1308	59689.0996	58843.1308	61082.3538	2239.22297	0	0	0	0	0	3
335	19	0	0.761363636	58810.49	59637.4663	58810.49	60959.8444	2149.35438	0	0	0	0	0	3
340	19	0	0.772727273	58778.6285	59587.8932	58778.6285	60856.0155	2077.38699	0	0	0	0	0	3
345	19	0	0.784090909	58745.5068	59569.1735	58745.5068	60856.0155	2110.50866	0	0	0	0	0	3
350	20	0	0.795454545	58712.8565	59521.5478	58712.8565	60763.9732	2051.11664	0	0	0	0	0	3
355	20	0	0.806818182	58681.3861	59475.268	58681.3861	60678.7926	1997.40653	0	0	0	0	0	3
360	20	0	0.818181818	58649.8621	59403.6407	58649.8621	60519.1973	1869.33515	0	0	0	0	0	3
365	20	0	0.829545455	58618.1933	59360.4361	58618.1933	60447.2634	1829.07013	0	0	0	0	0	3
370	21	0	0.840909091	58587.3766	59318.1659	58587.3766	60375.4426	1788.06604	0	0	0	0	0	3
375	21	0	0.852272727	58557.471	59276.8484	58557.471	60302.2676	1744.79657	0	0	0	0	0	3
380	21	0	0.863636364	58528.297	59236.5309	58528.297	60227.1569	1698.85988	0	0	0	0	0	3
385	22	0	0.875	58499.581	59197.2678	58499.581	60153.2054	1653.6244	0	0	0	0	0	3
390	22	0	0.886363636	58472.2061	59159.0633	58472.2061	60078.6728	1606.46671	0	0	0	0	0	3
395	22	0	0.897727273	58443.9569	59121.9106	58443.9569	60006.4573	1562.50047	0	0	0	0	0	3
400	23	0	0.909090909	58416.5177	59106.2352	58416.5177	60006.4573	1589.93967	0	0	0	0	0	3
405	23	0	0.920454545	58387.6789	59070.2624	58387.6789	59935.791	1548.11211	0	0	0	0	0	3
410	23	0	0.931818182	58358.034	59035.2011	58358.034	59867.6684	1509.63443	0	0	0	0	0	3
415	24	0	0.943181818	58329.2428	58982.8003	58329.2428	59740.0443	1410.80155	0	0	0	0	0	3
420	24	0	0.954545455	58300.6832	58950.0876	58300.6832	59682.6165	1381.93328	0	0	0	0	0	3
425	24	0	0.965909091	58273.0437	58918.0518	58273.0437	59627.4052	1354.36152	0	0	0	0	0	3
430	24	0	0.977272727	58244.3341	58886.6184	58244.3341	59577.5765	1333.24233	0	0	0	0	0	3
435	25	0	0.988636364	58217.4992	58855.7076	58217.4992	59532.2673	1314.76814	0	0	0	0	0	3
440	25	0	1	58191.3469	58825.2321	58191.3469	59488.5912	1297.24426	1738.04071	0	100	0	0	3
445	25	0	1.01136364	58165.7909	58795.1685	58165.7909	59449.1937	1283.40288	1738.04071	0	100	0	0	3
450	26	0	1.02272727	58140.8795	58765.434	58140.8795	59413.6039	1272.72439	1738.04071	0	100	0	0	3
455	26	0	1.03409091	58117.0197	58735.9662	58117.0197	59378.5173	1261.49754	1738.04071	0	100	0	0	3
460	26	0	1.04545455	58094.6321	58706.787	58094.6321	59347.819	1253.18692	1738.04071	0	100	0	0	3
465	27	0	1.05681818	58073.9437	58677.8353	58073.9437	59318.3388	1244.39509	1738.04071	0	100	0	0	3
470	27	0	1.06818182	58052.7315	58663.9441	58052.7315	59318.3388	1265.60728	1738.04071	0	100	0	0	3
475	27	0	1.07954545	58034.1616	58620.4944	58034.1616	59263.7657	1229.60415	1738.04071	0	100	0	0	3
480	27	0	1.09090909	58015.9532	58607.0601	58015.9532	59263.7657	1247.81248	1738.04071	0	100	0	0	3
485	28	0	1.10227273	57999.02	58564.0561	57999.02	59207.086	1208.06602	1738.04071	0	100	0	0	3
490	28	0	1.11363636	57981.7033	58551.115	57981.7033	59207.086	1225.38274	1738.04071	0	100	0	0	3
495	28	0	1.125	57964.3451	58508.6665	57964.3451	59145.701	1181.35583	1738.04071	0	100	0	0	3
500	28	0	1.13636364	57947.8248	58481.442	57947.8248	59114.7696	1166.94478	1738.04071	0	100	0	0	3
505	29	0	1.14772727	57931.749	58454.5552	57931.749	59085.1765	1153.42757	1738.04071	0	100	0	0	3
