Iteration	CPUTime	PhysTime	Travels	Value	AvValue	MinValue	MaxValue	Delta	Criteria	PrevAvRefValue	Progress	CriteriaType	CriteriaVarType	CriteriaPercentage
1	1	0	0.00227272727	-4.3905086	-4.3905086	-4.3905086	-4.3905086	0	0	0	0	0	0	3
5	1	0	0.0113636364	7.87432193	1.74190667	-4.3905086	7.87432193	6.13241527	0	0	0	0	0	3
10	1	0	0.0227272727	14.9002818	6.12803172	-4.3905086	14.9002818	10.5185403	0	0	0	0	0	3
15	1	0	0.0340909091	17.6226082	9.00167585	-4.3905086	17.6226082	13.3921844	0	0	0	0	0	3
20	2	0	0.0454545455	18.9508668	10.991514	-4.3905086	18.9508668	15.3820226	0	0	0	0	0	3
25	2	0	0.0568181818	19.5441999	12.4169617	-4.3905086	19.5441999	16.8074703	0	0	0	0	0	3
30	2	0	0.0681818182	19.4490025	13.4215389	-4.3905086	19.5441999	17.8120475	0	0	0	0	0	3
35	2	0	0.0795454545	18.6618442	14.0765771	-4.3905086	19.5441999	18.4670857	0	0	0	0	0	3
40	3	0	0.0909090909	17.4069612	14.4466198	-4.3905086	19.5441999	18.8371284	0	0	0	0	0	3
45	3	0	0.102272727	15.6706372	14.5690215	-4.3905086	19.5441999	18.9595301	0	0	0	0	0	3
50	3	0	0.113636364	13.5223647	14.4738709	-4.3905086	19.5441999	18.9595301	0	0	0	0	0	3
55	3	0	0.125	11.263585	14.2063471	-4.3905086	19.5441999	18.9595301	0	0	0	0	0	3
60	4	0	0.136363636	9.1686733	13.8188337	-4.3905086	19.5441999	18.9595301	0	0	0	0	0	3
65	4	0	0.147727273	7.45977293	13.3646151	-4.3905086	19.5441999	18.9595301	0	0	0	0	0	3
70	4	0	0.159090909	6.24097941	12.889706	-4.3905086	19.5441999	18.9595301	0	0	0	0	0	3
75	4	0	0.170454545	5.52542232	12.4294383	-4.3905086	19.5441999	18.9595301	0	0	0	0	0	3
80	5	0	0.181818182	5.34797887	12.0128819	-4.3905086	19.5441999	18.9595301	0	0	0	0	0	3
85	5	0	0.193181818	5.59843846	11.6565239	-4.3905086	19.5441999	18.9595301	0	0	0	0	0	3
90	5	0	0.204545455	6.16135674	11.3673046	-4.3905086	19.5441999	18.9595301	0	0	0	0	0	3
95	5	0	0.215909091	6.90723543	11.1443011	-4.3905086	19.5441999	18.9595301	0	0	0	0	0	3
100	6	0	0.227272727	7.70789701	10.9806628	-4.3905086	19.5441999	18.9595301	0	0	0	0	0	3
105	6	0	0.238636364	8.47752377	10.8668838	-4.3905086	19.5441999	18.9595301	0	0	0	0	0	3
110	6	0	0.25	9.12740878	10.7912544	-4.3905086	19.5441999	18.9595301	0	0	0	0	0	3
115	7	0	0.261363636	9.62279974	10.7425688	-4.3905086	19.5441999	18.9595301	0	0	0	0	0	3
120	7	0	0.272727273	9.93105494	10.7101083	-4.3905086	19.5441999	18.9595301	0	0	0	0	0	3
125	7	0	0.284090909	10.0530308	10.6848361	-4.3905086	19.5441999	18.9595301	0	0	0	0	0	3
130	7	0	0.295454545	10.007621	10.659754	-4.3905086	19.5441999	18.9595301	0	0	0	0	0	3
135	8	0	0.306818182	9.8297526	10.6301111	-4.3905086	19.5441999	18.9595301	0	0	0	0	0	3
140	8	0	0.318181818	9.54260199	10.5926108	-4.3905086	19.5441999	18.9595301	0	0	0	0	0	3
145	8	0	0.329545455	9.16580206	10.5450505	-4.3905086	19.5441999	18.9595301	0	0	0	0	0	3
150	9	0	0.340909091	8.76582039	10.487656	-4.3905086	19.5441999	18.9595301	0	0	0	0	0	3
155	9	0	0.352272727	8.33774217	10.4204712	-4.3905086	19.5441999	18.9595301	0	0	0	0	0	3
160	9	0	0.363636364	7.90362816	10.3442032	-4.3905086	19.5441999	18.9595301	0	0	0	0	0	3
165	9	0	0.375	7.44586462	10.258958	-4.3905086	19.5441999	18.9595301	0	0	0	0	0	3
170	10	0	0.386363636	7.01422055	10.1662512	-4.3905086	19.5441999	18.9595301	0	0	0	0	0	3
175	10	0	0.397727273	6.64966055	10.0685681	-4.3905086	19.5441999	18.9595301	0	0	0	0	0	3
180	10	0	0.409090909	6.32753	9.96745896	-4.3905086	19.5441999	18.9595301	0	0	0	0	0	3
185	10	0	0.420454545	6.05551877	9.86451316	-4.3905086	19.5441999	18.9595301	0	0	0	0	0	3
190	11	0	0.431818182	5.82242298	9.76086983	-4.3905086	19.5441999	18.9595301	0	0	0	0	0	3
195	11	0	0.443181818	5.61513163	9.65722637	-4.3905086	19.5441999	18.9595301	0	0	0	0	0	3
200	11	0	0.454545455	5.43814544	9.55432196	-4.3905086	19.5441999	18.9595301	0	0	0	0	0	3
205	12	0	0.465909091	5.276615	9.45247179	-4.3905086	19.5441999	18.9595301	0	0	0	0	0	3
210	12	0	0.477272727	5.15278927	9.35247918	-4.3905086	19.5441999	18.9595301	0	0	0	0	0	3
215	12	0	0.488636364	5.05401581	9.25478683	-4.3905086	19.5441999	18.9595301	0	0	0	0	0	3
220	12	0	0.5	4.99998612	9.1602357	-4.3905086	19.5441999	18.9595301	0	0	0	0	0	3
225	13	0	0.511363636	4.96296147	9.40203988	4.96296147	19.5441999	8.4409898	0	0	0	0	0	3
230	13	0	0.522727273	4.95094176	9.17591851	4.95094176	19.5441999	5.56734567	0	0	0	0	0	3
235	13	0	0.534090909	4.92967251	8.8874427	4.92967251	19.5441999	5.68157882	0	0	0	0	0	3
240	14	0	0.545454545	4.92288881	8.7993415	4.92288881	19.5441999	5.76968001	0	0	0	0	0	3
245	14	0	0.556818182	4.90947962	8.48731068	4.90947962	19.5441999	6.08171084	0	0	0	0	0	3
250	14	0	0.568181818	4.91472206	7.90569319	4.90947962	18.6618442	6.66332833	0	0	0	0	0	3
255	14	0	0.579545455	4.90356069	7.59300492	4.90356069	17.4069612	6.97601659	0	0	0	0	0	3
260	15	0	0.590909091	4.90932886	7.30896783	4.90356069	15.6706372	7.26005369	0	0	0	0	0	3
265	15	0	0.602272727	4.87143836	7.06353149	4.87143836	13.5223647	7.41033941	0	0	0	0	0	3
270	15	0	0.613636364	4.85292845	6.86649884	4.85292845	11.263585	6.41065652	0	0	0	0	0	3
275	15	0	0.625	4.81585688	6.71995957	4.81585688	10.0530308	5.23717394	0	0	0	0	0	3
280	16	0	0.636363636	4.79169578	6.62048281	4.79169578	10.0530308	5.26133503	0	0	0	0	0	3
285	16	0	0.647727273	4.75583483	6.55902967	4.75583483	10.0530308	5.29719599	0	0	0	0	0	3
290	16	0	0.659090909	4.74064195	6.52493109	4.74064195	10.0530308	5.31238886	0	0	0	0	0	3
295	17	0	0.670454545	4.71120877	6.50642624	4.71120877	10.0530308	5.34182204	0	0	0	0	0	3
300	17	0	0.681818182	4.69905203	6.46626237	4.69905203	10.0530308	5.35397878	0	0	0	0	0	3
305	17	0	0.693181818	4.69069269	6.47104731	4.69069269	10.0530308	4.90104221	0	0	0	0	0	3
310	17	0	0.704545455	4.69151135	6.43764174	4.69069269	10.0530308	4.70665938	0	0	0	0	0	3
315	18	0	0.715909091	4.68075071	6.38703981	4.68075071	10.0530308	4.59362301	0	0	0	0	0	3
320	18	0	0.727272727	4.69393493	6.31854067	4.68075071	10.0530308	4.5483431	0	0	0	0	0	3
325	18	0	0.738636364	4.69835163	6.2326504	4.68075071	10.0530308	4.55860403	0	0	0	0	0	3
330	19	0	0.75	4.69421658	6.13189603	4.68075071	10.0530308	4.61067279	0	0	0	0	0	3
335	19	0	0.761363636	4.70747083	6.02018401	4.68075071	10.0530308	4.68992425	0	0	0	0	0	3
340	19	0	0.772727273	4.68929973	5.90105321	4.68075071	10.0530308	4.78378284	0	0	0	0	0	3
345	19	0	0.784090909	4.67653412	5.87384167	4.67653412	10.0530308	4.81099438	0	0	0	0	0	3
350	20	0	0.795454545	4.64835804	5.75373783	4.64835804	10.007621	4.90601618	0	0	0	0	0	3
355	20	0	0.806818182	4.61552696	5.63391352	4.61552696	9.8297526	4.99619759	0	0	0	0	0	3
360	20	0	0.818181818	4.56454108	5.42541579	4.56454108	9.16580206	4.60126098	0	0	0	0	0	3
365	20	0	0.829545455	4.53581311	5.32018877	4.53581311	8.76582039	4.23000728	0	0	0	0	0	3
370	21	0	0.840909091	4.51615349	5.22360543	4.51615349	8.33774217	3.82158868	0	0	0	0	0	3
375	21	0	0.852272727	4.48759402	5.13610207	4.48759402	7.90362816	3.41603414	0	0	0	0	0	3
380	21	0	0.863636364	4.44583187	5.05751579	4.44583187	7.44586462	3.00003276	0	0	0	0	0	3
385	22	0	0.875	4.41556628	4.98864537	4.41556628	7.01422055	2.59865428	0	0	0	0	0	3
390	22	0	0.886363636	4.37965303	4.92876884	4.37965303	6.64966055	2.27000752	0	0	0	0	0	3
395	22	0	0.897727273	4.33016262	4.87605297	4.33016262	6.32753	1.99736739	0	0	0	0	0	3
400	23	0	0.909090909	4.2960051	4.86316302	4.2960051	6.32753	2.0315249	0	0	0	0	0	3
405	23	0	0.920454545	4.27054285	4.8174522	4.27054285	6.05551877	1.78497592	0	0	0	0	0	3
410	23	0	0.931818182	4.23356498	4.77696433	4.23356498	5.82242298	1.588858	0	0	0	0	0	3
415	24	0	0.943181818	4.19989315	4.7210394	4.19989315	5.43814544	1.23825229	0	0	0	0	0	3
420	24	0	0.954545455	4.1789978	4.69242241	4.1789978	5.276615	1.0976172	0	0	0	0	0	3
425	24	0	0.965909091	4.1374886	4.66653317	4.1374886	5.15278927	1.01530068	0	0	0	0	0	3
430	24	0	0.977272727	4.10986685	4.64283039	4.10986685	5.05401581	0.944148958	0	0	0	0	0	3
435	25	0	0.988636364	4.07995584	4.62069266	4.07995584	4.99998612	0.920030277	0	0	0	0	0	3
440	25	0	1	4.0471304	4.59903685	4.0471304	4.96296147	0.915831069	2.32456042	0	100	0	0	3
445	25	0	1.01136364	4.01913335	4.57758621	4.01913335	4.95094176	0.93180841	2.32875998	0	100	0	0	3
450	26	0	1.02272727	3.99248133	4.55580302	3.99248133	4.92967251	0.937191177	2.33075888	0	100	0	0	3
455	26	0	1.03409091	3.96972603	4.53398605	3.96972603	4.92288881	0.953162773	2.33256295	0	100	0	0	3
460	26	0	1.04545455	3.94231682	4.51170033	3.94231682	4.91472206	0.972405238	2.33449283	0	100	0	0	3
465	27	0	1.05681818	3.90063356	4.48877201	3.90063356	4.91472206	1.0140885	2.33404533	0	100	0	0	3
470	27	0	1.06818182	3.88174396	4.4752825	3.88174396	4.91472206	1.0329781	2.32456042	0	100	0	0	3
475	27	0	1.07954545	3.8573587	4.44151792	3.8573587	4.90932886	1.05197017	2.32456042	0	100	0	0	3
480	27	0	1.09090909	3.8351474	4.42804302	3.8351474	4.90932886	1.07418146	2.32456042	0	100	0	0	3
485	28	0	1.10227273	3.80438303	4.39285344	3.80438303	4.85292845	1.04854542	2.32456042	0	100	0	0	3
490	28	0	1.11363636	3.78242785	4.37928843	3.78242785	4.85292845	1.07050059	2.32456042	0	100	0	0	3
495	28	0	1.125	3.76124165	4.34455536	3.76124165	4.79169578	1.03045413	2.32456042	0	100	0	0	3
500	28	0	1.13636364	3.76484111	4.32121775	3.76124165	4.75583483	0.99459318	2.32456042	0	100	0	0	3
505	29	0	1.14772727	3.74308073	4.29820061	3.74308073	4.74064195	0.99756122	2.32456042	0	100	0	0	3
