Iteration	CPUTime	PhysTime	Travels	Value	AvValue	MinValue	MaxValue	Delta	Criteria	PrevAvRefValue	Progress	CriteriaType	CriteriaVarType	CriteriaPercentage
1	1	0	0.00227272727	293.501491	293.501491	293.501491	293.501491	0	0	0	0	0	0	3
5	1	0	0.0113636364	294.133958	293.817725	293.501491	294.133958	0.316233718	0	0	0	0	0	3
10	1	0	0.0227272727	294.50258	294.04601	293.501491	294.50258	0.544518985	0	0	0	0	0	3
15	1	0	0.0340909091	294.700945	294.209744	293.501491	294.700945	0.708252778	0	0	0	0	0	3
20	2	0	0.0454545455	294.922357	294.352266	293.501491	294.922357	0.850775348	0	0	0	0	0	3
25	2	0	0.0568181818	295.189645	294.491829	293.501491	295.189645	0.990338536	0	0	0	0	0	3
30	2	0	0.0681818182	295.492228	294.634744	293.501491	295.492228	1.13325267	0	0	0	0	0	3
35	2	0	0.0795454545	295.824554	294.78347	293.501491	295.824554	1.28197893	0	0	0	0	0	3
40	3	0	0.0909090909	296.151029	294.935421	293.501491	296.151029	1.43392994	0	0	0	0	0	3
45	3	0	0.102272727	296.415211	295.0834	293.501491	296.415211	1.58190893	0	0	0	0	0	3
50	3	0	0.113636364	296.584057	295.219823	293.501491	296.584057	1.71833229	0	0	0	0	0	3
55	3	0	0.125	296.661342	295.33995	293.501491	296.661342	1.83845885	0	0	0	0	0	3
60	4	0	0.136363636	296.664645	295.441849	293.501491	296.664645	1.94035849	0	0	0	0	0	3
65	4	0	0.147727273	296.61834	295.525884	293.501491	296.664645	2.02439355	0	0	0	0	0	3
70	4	0	0.159090909	296.559246	295.594775	293.501491	296.664645	2.09328432	0	0	0	0	0	3
75	4	0	0.170454545	296.519309	295.652559	293.501491	296.664645	2.15106765	0	0	0	0	0	3
80	5	0	0.181818182	296.513416	295.703197	293.501491	296.664645	2.20170632	0	0	0	0	0	3
85	5	0	0.193181818	296.547622	295.75011	293.501491	296.664645	2.24861879	0	0	0	0	0	3
90	5	0	0.204545455	296.63321	295.796589	293.501491	296.664645	2.29509776	0	0	0	0	0	3
95	5	0	0.215909091	296.765859	295.845052	293.501491	296.765859	2.34356128	0	0	0	0	0	3
100	6	0	0.227272727	296.938389	295.897116	293.501491	296.938389	2.39562494	0	0	0	0	0	3
105	6	0	0.238636364	297.14266	295.953731	293.501491	297.14266	2.4522406	0	0	0	0	0	3
110	6	0	0.25	297.365027	296.015092	293.501491	297.365027	2.51360128	0	0	0	0	0	3
115	7	0	0.261363636	297.599212	296.081097	293.501491	297.599212	2.57960628	0	0	0	0	0	3
120	7	0	0.272727273	297.832905	296.15117	293.501491	297.832905	2.64967861	0	0	0	0	0	3
125	7	0	0.284090909	298.056936	296.224468	293.501491	298.056936	2.72297733	0	0	0	0	0	3
130	7	0	0.295454545	298.267512	296.300136	293.501491	298.267512	2.7986456	0	0	0	0	0	3
135	8	0	0.306818182	298.462992	296.377381	293.501491	298.462992	2.87589045	0	0	0	0	0	3
140	8	0	0.318181818	298.642614	296.455493	293.501491	298.642614	2.95400191	0	0	0	0	0	3
145	8	0	0.329545455	298.807109	296.53388	293.501491	298.807109	3.03238911	0	0	0	0	0	3
150	9	0	0.340909091	298.96666	296.612357	293.501491	298.96666	3.11086588	0	0	0	0	0	3
155	9	0	0.352272727	299.110784	296.690433	293.501491	299.110784	3.18894173	0	0	0	0	0	3
160	9	0	0.363636364	299.239649	296.767682	293.501491	299.239649	3.26619071	0	0	0	0	0	3
165	9	0	0.375	299.354307	296.843759	293.501491	299.354307	3.34226792	0	0	0	0	0	3
170	10	0	0.386363636	299.458793	296.918474	293.501491	299.458793	3.41698318	0	0	0	0	0	3
175	10	0	0.397727273	299.550521	296.991586	293.501491	299.550521	3.49009558	0	0	0	0	0	3
180	10	0	0.409090909	299.635846	297.063053	293.501491	299.635846	3.56156206	0	0	0	0	0	3
185	10	0	0.420454545	299.715015	297.132841	293.501491	299.715015	3.63135054	0	0	0	0	0	3
190	11	0	0.431818182	299.788896	297.200945	293.501491	299.788896	3.69945449	0	0	0	0	0	3
195	11	0	0.443181818	299.858384	297.267381	293.501491	299.858384	3.76589047	0	0	0	0	0	3
200	11	0	0.454545455	299.924256	297.332183	293.501491	299.924256	3.83069228	0	0	0	0	0	3
205	12	0	0.465909091	299.989797	297.39546	293.501491	299.989797	3.89396879	0	0	0	0	0	3
210	12	0	0.477272727	300.05279	297.457258	293.501491	300.05279	3.95576717	0	0	0	0	0	3
215	12	0	0.488636364	300.116689	297.5177	293.501491	300.116689	4.01620877	0	0	0	0	0	3
220	12	0	0.5	300.18089	297.576882	293.501491	300.18089	4.07539077	0	0	0	0	0	3
225	13	0	0.511363636	300.241059	297.808302	294.50258	300.241059	3.76229206	0	0	0	0	0	3
230	13	0	0.522727273	300.301646	297.940099	294.700945	300.301646	3.73035522	0	0	0	0	0	3
235	13	0	0.534090909	300.363395	298.068791	294.922357	300.363395	3.71652469	0	0	0	0	0	3
240	14	0	0.545454545	300.419545	298.12103	294.922357	300.419545	3.76876367	0	0	0	0	0	3
245	14	0	0.556818182	300.476736	298.244461	295.189645	300.476736	3.75263114	0	0	0	0	0	3
250	14	0	0.568181818	300.530662	298.428398	295.824554	300.530662	3.64492822	0	0	0	0	0	3
255	14	0	0.579545455	300.584544	298.53658	296.151029	300.584544	3.60115882	0	0	0	0	0	3
260	15	0	0.590909091	300.636494	298.638522	296.415211	300.636494	3.55512222	0	0	0	0	0	3
265	15	0	0.602272727	300.686719	298.735602	296.513416	300.686719	3.51577859	0	0	0	0	0	3
270	15	0	0.613636364	300.734665	298.829934	296.513416	300.734665	3.48998403	0	0	0	0	0	3
275	15	0	0.625	300.782479	298.923596	296.513416	300.782479	3.48174661	0	0	0	0	0	3
280	16	0	0.636363636	300.827648	299.01821	296.513416	300.827648	3.49232525	0	0	0	0	0	3
285	16	0	0.647727273	300.870972	299.11486	296.513416	300.870972	3.5200852	0	0	0	0	0	3
290	16	0	0.659090909	300.914242	299.213838	296.513416	300.914242	3.56127906	0	0	0	0	0	3
295	17	0	0.670454545	300.955576	299.314662	296.513416	300.955576	3.61146465	0	0	0	0	0	3
300	17	0	0.681818182	300.996145	299.352028	296.513416	300.996145	3.64883095	0	0	0	0	0	3
305	17	0	0.693181818	301.03611	299.518553	296.63321	301.03611	3.72196452	0	0	0	0	0	3
310	17	0	0.704545455	301.072586	299.619448	296.765859	301.072586	3.77439592	0	0	0	0	0	3
315	18	0	0.715909091	301.109928	299.718177	296.938389	301.109928	3.82106108	0	0	0	0	0	3
320	18	0	0.727272727	301.147533	299.813839	297.14266	301.147533	3.86010779	0	0	0	0	0	3
325	18	0	0.738636364	301.182168	299.905646	297.365027	301.182168	3.81714116	0	0	0	0	0	3
330	19	0	0.75	301.21846	299.993224	297.599212	301.21846	3.61924838	0	0	0	0	0	3
335	19	0	0.761363636	301.251207	300.076224	297.832905	301.251207	3.41830184	0	0	0	0	0	3
340	19	0	0.772727273	301.285366	300.154689	298.056936	301.285366	3.22842967	0	0	0	0	0	3
345	19	0	0.784090909	301.315214	300.180479	298.056936	301.315214	3.25827793	0	0	0	0	0	3
350	20	0	0.795454545	301.345317	300.253554	298.267512	301.345317	3.07780586	0	0	0	0	0	3
355	20	0	0.806818182	301.374483	300.322598	298.462992	301.374483	2.91149108	0	0	0	0	0	3
360	20	0	0.818181818	301.402862	300.427594	298.807109	301.402862	2.59575344	0	0	0	0	0	3
365	20	0	0.829545455	301.430159	300.487209	298.96666	301.430159	2.46349895	0	0	0	0	0	3
370	21	0	0.840909091	301.456325	300.543792	299.110784	301.456325	2.34554103	0	0	0	0	0	3
375	21	0	0.852272727	301.48215	300.597687	299.239649	301.48215	2.24250173	0	0	0	0	0	3
380	21	0	0.863636364	301.507721	300.649234	299.354307	301.507721	2.15341381	0	0	0	0	0	3
385	22	0	0.875	301.532302	300.698734	299.458793	301.532302	2.07350913	0	0	0	0	0	3
390	22	0	0.886363636	301.556888	300.746418	299.550521	301.556888	2.00636743	0	0	0	0	0	3
395	22	0	0.897727273	301.579232	300.792525	299.635846	301.579232	1.94338612	0	0	0	0	0	3
400	23	0	0.909090909	301.60288	300.810533	299.635846	301.60288	1.96703381	0	0	0	0	0	3
405	23	0	0.920454545	301.625447	300.854746	299.715015	301.625447	1.91043189	0	0	0	0	0	3
410	23	0	0.931818182	301.646571	300.89767	299.788896	301.646571	1.85767555	0	0	0	0	0	3
415	24	0	0.943181818	301.66806	300.963998	299.924256	301.66806	1.74380414	0	0	0	0	0	3
420	24	0	0.954545455	301.689821	301.004125	299.989797	301.689821	1.70002451	0	0	0	0	0	3
425	24	0	0.965909091	301.711588	301.043256	300.05279	301.711588	1.65879762	0	0	0	0	0	3
430	24	0	0.977272727	301.73148	301.081408	300.116689	301.73148	1.61479125	0	0	0	0	0	3
435	25	0	0.988636364	301.753255	301.118603	300.18089	301.753255	1.57236538	0	0	0	0	0	3
440	25	0	1	301.775544	301.154845	300.241059	301.775544	1.53448469	1.14623786	0	0	0	0	3
445	25	0	1.01136364	301.796865	301.190204	300.301646	301.796865	1.49521838	1.14623786	0	0	0	0	3
450	26	0	1.02272727	301.816289	301.224628	300.363395	301.816289	1.45289379	1.14623786	0	0	0	0	3
455	26	0	1.03409091	301.83619	301.258101	300.419545	301.83619	1.41664543	1.14623786	0	0	0	0	3
460	26	0	1.04545455	301.856628	301.290762	300.476736	301.856628	1.37989129	1.14623786	0	0	0	0	3
465	27	0	1.05681818	301.879815	301.32265	300.530662	301.879815	1.34915239	1.14623786	0	0	0	0	3
470	27	0	1.06818182	301.898624	301.335449	300.530662	301.898624	1.36796147	1.14623786	0	0	0	0	3
475	27	0	1.07954545	301.920429	301.384101	300.636494	301.920429	1.28393487	1.14623786	0	0	0	0	3
480	27	0	1.09090909	301.939982	301.396454	300.636494	301.939982	1.30348805	1.14623786	0	0	0	0	3
485	28	0	1.10227273	301.960906	301.442684	300.734665	301.960906	1.22624125	1.14623786	0	0	0	0	3
490	28	0	1.11363636	301.980672	301.45464	300.734665	301.980672	1.24600693	1.14623786	0	0	0	0	3
495	28	0	1.125	301.998507	301.49864	300.827648	301.998507	1.17085906	1.14623786	0	0	0	0	3
500	28	0	1.13636364	302.017459	301.525681	300.870972	302.017459	1.14648768	1.14623786	0	0	0	0	3
505	29	0	1.14772727	302.035582	301.552149	300.914242	302.035582	1.12133909	1.14623786	0	0	0	0	3
