Iteration	CPUTime	PhysTime	Travels	Value	AvValue	MinValue	MaxValue	Delta	Criteria	PrevAvRefValue	Progress	CriteriaType	CriteriaVarType	CriteriaPercentage
1	1	0	0.00227272727	101457.652	101457.652	101457.652	101457.652	0	0	0	0	0	0	3
5	1	0	0.0113636364	101744.835	101601.243	101457.652	101744.835	143.591663	0	0	0	0	0	3
10	1	0	0.0227272727	101876.874	101693.12	101457.652	101876.874	235.468744	0	0	0	0	0	3
15	1	0	0.0340909091	101918.738	101749.525	101457.652	101918.738	291.873266	0	0	0	0	0	3
20	2	0	0.0454545455	101958.916	101791.403	101457.652	101958.916	333.7516	0	0	0	0	0	3
25	2	0	0.0568181818	102015.768	101828.797	101457.652	102015.768	371.145815	0	0	0	0	0	3
30	2	0	0.0681818182	102087.32	101865.729	101457.652	102087.32	408.07768	0	0	0	0	0	3
35	2	0	0.0795454545	102172.327	101904.054	101457.652	102172.327	446.402462	0	0	0	0	0	3
40	3	0	0.0909090909	102238.712	101941.238	101457.652	102238.712	483.586647	0	0	0	0	0	3
45	3	0	0.102272727	102234.863	101970.601	101457.652	102238.712	512.94914	0	0	0	0	0	3
50	3	0	0.113636364	102128.088	101984.918	101457.652	102238.712	527.26618	0	0	0	0	0	3
55	3	0	0.125	101931.224	101980.443	101457.652	102238.712	527.26618	0	0	0	0	0	3
60	4	0	0.136363636	101670.434	101956.596	101457.652	102238.712	527.26618	0	0	0	0	0	3
65	4	0	0.147727273	101373.025	101914.913	101373.025	102238.712	527.26618	0	0	0	0	0	3
70	4	0	0.159090909	101072.721	101858.767	101072.721	102238.712	527.26618	0	0	0	0	0	3
75	4	0	0.170454545	100799.324	101792.551	100799.324	102238.712	527.26618	0	0	0	0	0	3
80	5	0	0.181818182	100571.184	101720.706	100571.184	102238.712	527.26618	0	0	0	0	0	3
85	5	0	0.193181818	100395.15	101647.064	100395.15	102238.712	527.26618	0	0	0	0	0	3
90	5	0	0.204545455	100281.967	101575.217	100281.967	102238.712	527.26618	0	0	0	0	0	3
95	5	0	0.215909091	100226.525	101507.782	100226.525	102238.712	527.26618	0	0	0	0	0	3
100	6	0	0.227272727	100221.929	101446.551	100221.929	102238.712	538.366445	0	0	0	0	0	3
105	6	0	0.238636364	100260.388	101392.635	100221.929	102238.712	592.282939	0	0	0	0	0	3
110	6	0	0.25	100328.424	101346.365	100221.929	102238.712	638.552972	0	0	0	0	0	3
115	7	0	0.261363636	100419.213	101307.733	100221.929	102238.712	677.184282	0	0	0	0	0	3
120	7	0	0.272727273	100520.059	101276.226	100221.929	102238.712	708.691245	0	0	0	0	0	3
125	7	0	0.284090909	100621.097	101251.029	100221.929	102238.712	733.888532	0	0	0	0	0	3
130	7	0	0.295454545	100718.778	101231.316	100221.929	102238.712	753.601532	0	0	0	0	0	3
135	8	0	0.306818182	100810.864	101216.3	100221.929	102238.712	768.617666	0	0	0	0	0	3
140	8	0	0.318181818	100895.902	101205.252	100221.929	102238.712	779.665884	0	0	0	0	0	3
145	8	0	0.329545455	100974.319	101197.554	100221.929	102238.712	787.363642	0	0	0	0	0	3
150	9	0	0.340909091	101056.683	101193.01	100221.929	102238.712	791.907861	0	0	0	0	0	3
155	9	0	0.352272727	101130.618	101191.06	100221.929	102238.712	793.857597	0	0	0	0	0	3
160	9	0	0.363636364	101195.979	101191.209	100221.929	102238.712	793.857597	0	0	0	0	0	3
165	9	0	0.375	101253.376	101193.038	100221.929	102238.712	793.857597	0	0	0	0	0	3
170	10	0	0.386363636	101306.392	101196.276	100221.929	102238.712	793.857597	0	0	0	0	0	3
175	10	0	0.397727273	101350.396	101200.557	100221.929	102238.712	793.857597	0	0	0	0	0	3
180	10	0	0.409090909	101392.496	101205.745	100221.929	102238.712	793.857597	0	0	0	0	0	3
185	10	0	0.420454545	101432.079	101211.701	100221.929	102238.712	793.857597	0	0	0	0	0	3
190	11	0	0.431818182	101469.731	101218.317	100221.929	102238.712	793.857597	0	0	0	0	0	3
195	11	0	0.443181818	101506.061	101225.511	100221.929	102238.712	793.857597	0	0	0	0	0	3
200	11	0	0.454545455	101541.408	101233.216	100221.929	102238.712	793.857597	0	0	0	0	0	3
205	12	0	0.465909091	101579.523	101241.461	100221.929	102238.712	793.857597	0	0	0	0	0	3
210	12	0	0.477272727	101616.732	101250.188	100221.929	102238.712	793.857597	0	0	0	0	0	3
215	12	0	0.488636364	101657.074	101259.436	100221.929	102238.712	793.857597	0	0	0	0	0	3
220	12	0	0.5	101699.547	101269.216	100221.929	102238.712	793.857597	0	0	0	0	0	3
225	13	0	0.511363636	101738.626	101264.792	100221.929	102238.712	793.857597	0	0	0	0	0	3
230	13	0	0.522727273	101779.825	101262.587	100221.929	102238.712	793.857597	0	0	0	0	0	3
235	13	0	0.534090909	101824.205	101260.438	100221.929	102238.712	793.857597	0	0	0	0	0	3
240	14	0	0.545454545	101863.17	101273.832	100221.929	102238.712	793.857597	0	0	0	0	0	3
245	14	0	0.556818182	101905.032	101272.635	100221.929	102238.712	793.857597	0	0	0	0	0	3
250	14	0	0.568181818	101944.187	101252.492	100221.929	102238.712	793.857597	0	0	0	0	0	3
255	14	0	0.579545455	101984.745	101248.229	100221.929	102238.712	793.857597	0	0	0	0	0	3
260	15	0	0.590909091	102024.094	101243.351	100221.929	102234.863	793.857597	0	0	0	0	0	3
265	15	0	0.602272727	102062.342	101239.43	100221.929	102128.088	793.857597	0	0	0	0	0	3
270	15	0	0.613636364	102098.517	101238.758	100221.929	102098.517	789.383097	0	0	0	0	0	3
275	15	0	0.625	102135.309	101243.397	100221.929	102135.309	765.536205	0	0	0	0	0	3
280	16	0	0.636363636	102169.117	101254.73	100221.929	102169.117	723.852513	0	0	0	0	0	3
285	16	0	0.647727273	102201.258	101273.554	100221.929	102201.258	667.706379	0	0	0	0	0	3
290	16	0	0.659090909	102233.826	101299.943	100221.929	102233.826	601.491236	0	0	0	0	0	3
295	17	0	0.670454545	102264.445	101333.241	100221.929	102264.445	529.646116	0	0	0	0	0	3
300	17	0	0.681818182	102294.697	101354.607	100221.929	102294.697	529.646116	0	0	0	0	0	3
305	17	0	0.693181818	102324.669	101416.264	100221.929	102324.669	384.156908	0	0	0	0	0	3
310	17	0	0.704545455	102350.603	101463.279	100221.929	102350.603	316.722289	0	0	0	0	0	3
315	18	0	0.715909091	102377.987	101512.176	100221.929	102377.987	321.115454	0	0	0	0	0	3
320	18	0	0.727272727	102405.884	101561.811	100260.388	102405.884	370.750814	0	0	0	0	0	3
325	18	0	0.738636364	102430.167	101611.124	100328.424	102430.167	420.063961	0	0	0	0	0	3
330	19	0	0.75	102456.715	101659.494	100419.213	102456.715	468.43422	0	0	0	0	0	3
335	19	0	0.761363636	102478.924	101706.306	100520.059	102478.924	515.245828	0	0	0	0	0	3
340	19	0	0.772727273	102503.211	101751.378	100621.097	102503.211	560.317454	0	0	0	0	0	3
345	19	0	0.784090909	102522.441	101768.512	100621.097	102522.441	577.452187	0	0	0	0	0	3
350	20	0	0.795454545	102542.28	101811.205	100718.778	102542.28	620.145148	0	0	0	0	0	3
355	20	0	0.806818182	102561.217	101852.148	100810.864	102561.217	661.088232	0	0	0	0	0	3
360	20	0	0.818181818	102579.688	101914.082	100974.319	102579.688	723.021652	0	0	0	0	0	3
365	20	0	0.829545455	102597.259	101950.967	101056.683	102597.259	759.906656	0	0	0	0	0	3
370	21	0	0.840909091	102613.795	101986.356	101130.618	102613.795	795.295557	0	0	0	0	0	3
375	21	0	0.852272727	102630.407	102020.442	101195.979	102630.407	829.232621	0	0	0	0	0	3
380	21	0	0.863636364	102647.066	102053.421	101253.376	102647.066	860.383431	0	0	0	0	0	3
385	22	0	0.875	102662.863	102085.455	101306.392	102662.863	889.178517	0	0	0	0	0	3
390	22	0	0.886363636	102679.008	102116.651	101350.396	102679.008	916.093219	0	0	0	0	0	3
395	22	0	0.897727273	102692.798	102147.16	101392.496	102692.798	941.414817	0	0	0	0	0	3
400	23	0	0.909090909	102708.457	102159.633	101392.496	102708.457	953.888079	0	0	0	0	0	3
405	23	0	0.920454545	102722.847	102189.196	101432.079	102722.847	977.495277	0	0	0	0	0	3
410	23	0	0.931818182	102735.621	102218.164	101469.731	102735.621	999.846748	0	0	0	0	0	3
415	24	0	0.943181818	102748.872	102263.42	101541.408	102748.872	1030.20392	0	0	0	0	0	3
420	24	0	0.954545455	102762.508	102291.172	101579.523	102762.508	1052.4135	0	0	0	0	0	3
425	24	0	0.965909091	102776.237	102318.37	101616.732	102776.237	1079.61156	0	0	0	0	0	3
430	24	0	0.977272727	102787.495	102344.978	101657.074	102787.495	1106.21981	0	0	0	0	0	3
435	25	0	0.988636364	102801.08	102370.978	101699.547	102801.08	1101.5323	0	0	0	0	0	3
440	25	0	1	102815.25	102396.335	101738.626	102815.25	1076.62326	388.998167	0	0	0	0	3
445	25	0	1.01136364	102828.122	102421.096	101779.825	102828.122	1048.29707	390.929	0	0	0	0	3
450	26	0	1.02272727	102838.699	102445.162	101824.205	102838.699	1014.49413	391.722286	0	0	0	0	3
455	26	0	1.03409091	102849.981	102468.475	101863.17	102849.981	986.810811	392.550817	0	0	0	0	3
460	26	0	1.04545455	102862.106	102491.178	101905.032	102862.106	957.074141	393.419767	0	0	0	0	3
465	27	0	1.05681818	102877.835	102513.287	101944.187	102877.835	933.647859	394.413008	0	0	0	0	3
470	27	0	1.06818182	102888.161	102521.618	101944.187	102888.161	943.974229	395.333328	0	0	0	0	3
475	27	0	1.07954545	102902.679	102555.603	102024.094	102902.679	878.585016	396.3018	0	0	0	0	3
480	27	0	1.09090909	102914.643	102563.582	102024.094	102914.643	890.548337	397.252466	0	0	0	0	3
485	28	0	1.10227273	102928.608	102595.531	102098.517	102928.608	830.090946	398.224626	0	0	0	0	3
490	28	0	1.11363636	102941.325	102603.215	102098.517	102941.325	842.80773	399.193105	0	0	0	0	3
495	28	0	1.125	102951.852	102633.243	102169.117	102951.852	782.735343	400.129056	0	0	0	0	3
500	28	0	1.13636364	102964.098	102651.311	102201.258	102964.098	762.839827	401.062089	0	0	0	0	3
505	29	0	1.14772727	102975.525	102668.908	102233.826	102975.525	741.698099	401.983421	0	0	0	0	3
