Iteration	CPUTime	PhysTime	Travels	Value	AvValue	MinValue	MaxValue	Delta	Criteria	PrevAvRefValue	Progress	CriteriaType	CriteriaVarType	CriteriaPercentage
1	1	0	0.00227272727	-9.47928967	-9.47928967	-9.47928967	-9.47928967	0	0	0	0	0	0	3
5	1	0	0.0113636364	-9.82914662	-9.65421815	-9.82914662	-9.47928967	0.174928476	0	0	0	0	0	3
10	2	0	0.0227272727	-9.95436602	-9.75426744	-9.95436602	-9.47928967	0.274977769	0	0	0	0	0	3
15	2	0	0.0340909091	-9.89829376	-9.79027402	-9.95436602	-9.47928967	0.310984348	0	0	0	0	0	3
20	3	0	0.0454545455	-9.80219635	-9.79265848	-9.95436602	-9.47928967	0.313368814	0	0	0	0	0	3
25	3	0	0.0568181818	-9.65779145	-9.77018064	-9.95436602	-9.47928967	0.313368814	0	0	0	0	0	3
30	4	0	0.0681818182	-9.65467778	-9.75368024	-9.95436602	-9.47928967	0.313368814	0	0	0	0	0	3
35	5	0	0.0795454545	-9.74437402	-9.75251696	-9.95436602	-9.47928967	0.313368814	0	0	0	0	0	3
40	5	0	0.0909090909	-9.93232418	-9.77249554	-9.95436602	-9.47928967	0.313368814	0	0	0	0	0	3
45	6	0	0.102272727	-10.1655833	-9.81180431	-10.1655833	-9.47928967	0.332514645	0	0	0	0	0	3
50	6	0	0.113636364	-10.3488013	-9.86062222	-10.3488013	-9.47928967	0.381332548	0	0	0	0	0	3
55	7	0	0.125	-10.5048895	-9.91431116	-10.5048895	-9.47928967	0.435021489	0	0	0	0	0	3
60	8	0	0.136363636	-10.7379095	-9.97766488	-10.7379095	-9.47928967	0.498375208	0	0	0	0	0	3
65	8	0	0.147727273	-11.0837821	-10.0566732	-11.0837821	-9.47928967	0.577383579	0	0	0	0	0	3
70	9	0	0.159090909	-11.533834	-10.1551506	-11.533834	-9.47928967	0.675860966	0	0	0	0	0	3
75	9	0	0.170454545	-12.0593888	-10.2741655	-12.0593888	-9.47928967	0.794875853	0	0	0	0	0	3
80	10	0	0.181818182	-12.5998565	-10.4109709	-12.5998565	-9.47928967	0.931681205	0	0	0	0	0	3
85	11	0	0.193181818	-13.096231	-10.560152	-13.096231	-9.47928967	1.08086232	0	0	0	0	0	3
90	11	0	0.204545455	-13.5053587	-10.7151629	-13.5053587	-9.47928967	1.2358732	0	0	0	0	0	3
95	12	0	0.215909091	-13.785056	-10.8686575	-13.785056	-9.47928967	1.38936786	0	0	0	0	0	3
100	12	0	0.227272727	-13.9209625	-11.0140054	-13.9209625	-9.47928967	1.53471572	0	0	0	0	0	3
105	13	0	0.238636364	-13.9169797	-11.1459588	-13.9209625	-9.47928967	1.66666909	0	0	0	0	0	3
110	14	0	0.25	-13.7903577	-11.2609326	-13.9209625	-9.47928967	1.78164296	0	0	0	0	0	3
115	14	0	0.261363636	-13.5868714	-11.3578467	-13.9209625	-9.47928967	1.87855708	0	0	0	0	0	3
120	15	0	0.272727273	-13.3193477	-11.4363068	-13.9209625	-9.47928967	1.95701711	0	0	0	0	0	3
125	16	0	0.284090909	-13.0065098	-11.4966992	-13.9209625	-9.47928967	2.01740954	0	0	0	0	0	3
130	17	0	0.295454545	-12.7012237	-11.5413112	-13.9209625	-9.47928967	2.06202156	0	0	0	0	0	3
135	18	0	0.306818182	-12.4546905	-11.5739319	-13.9209625	-9.47928967	2.09464225	0	0	0	0	0	3
140	18	0	0.318181818	-12.2654729	-11.5977782	-13.9209625	-9.47928967	2.11848849	0	0	0	0	0	3
145	19	0	0.329545455	-12.1230462	-11.6152871	-13.9209625	-9.47928967	2.13599742	0	0	0	0	0	3
150	19	0	0.340909091	-12.0306558	-11.6286861	-13.9209625	-9.47928967	2.14939641	0	0	0	0	0	3
155	20	0	0.352272727	-12.0027676	-11.6403761	-13.9209625	-9.47928967	2.16108646	0	0	0	0	0	3
160	20	0	0.363636364	-12.030184	-11.6521885	-13.9209625	-9.47928967	2.17289882	0	0	0	0	0	3
165	21	0	0.375	-12.0990866	-11.6653326	-13.9209625	-9.47928967	2.18604288	0	0	0	0	0	3
170	21	0	0.386363636	-12.1876787	-11.6802567	-13.9209625	-9.47928967	2.20096706	0	0	0	0	0	3
175	22	0	0.397727273	-12.2656888	-11.6965187	-13.9209625	-9.47928967	2.21722906	0	0	0	0	0	3
180	23	0	0.409090909	-12.3308718	-11.7136634	-13.9209625	-9.47928967	2.23437374	0	0	0	0	0	3
185	23	0	0.420454545	-12.3806439	-11.7312155	-13.9209625	-9.47928967	2.25192586	0	0	0	0	0	3
190	24	0	0.431818182	-12.4170885	-11.748802	-13.9209625	-9.47928967	2.26951234	0	0	0	0	0	3
195	24	0	0.443181818	-12.4401396	-11.7660855	-13.9209625	-9.47928967	2.28679578	0	0	0	0	0	3
200	25	0	0.454545455	-12.4447118	-11.7826373	-13.9209625	-9.47928967	2.30334764	0	0	0	0	0	3
205	25	0	0.465909091	-12.4316355	-11.7980897	-13.9209625	-9.47928967	2.31879998	0	0	0	0	0	3
210	26	0	0.477272727	-12.3971468	-11.8120212	-13.9209625	-9.47928967	2.33273155	0	0	0	0	0	3
215	26	0	0.488636364	-12.3380253	-11.8239759	-13.9209625	-9.47928967	2.34468618	0	0	0	0	0	3
220	27	0	0.5	-12.2683191	-11.8338501	-13.9209625	-9.47928967	2.35456048	0	0	0	0	0	3
225	28	0	0.511363636	-12.1958841	-11.9411524	-13.9209625	-9.65467778	2.18863541	0	0	0	0	0	3
230	28	0	0.522727273	-12.1270202	-11.9905309	-13.9209625	-9.65467778	2.23801392	0	0	0	0	0	3
235	29	0	0.534090909	-12.0644277	-12.0397612	-13.9209625	-9.65467778	2.28724424	0	0	0	0	0	3
240	29	0	0.545454545	-12.0143797	-12.0391972	-13.9209625	-9.65467778	2.28724424	0	0	0	0	0	3
245	30	0	0.556818182	-11.9830371	-12.0876603	-13.9209625	-9.65467778	2.33514333	0	0	0	0	0	3
250	30	0	0.568181818	-11.9774758	-12.1956754	-13.9209625	-9.74437402	2.44315849	0	0	0	0	0	3
255	31	0	0.579545455	-12.0004236	-12.2469493	-13.9209625	-9.93232418	2.47445376	0	0	0	0	0	3
260	32	0	0.590909091	-12.0382027	-12.2948102	-13.9209625	-10.1655833	2.48300586	0	0	0	0	0	3
265	32	0	0.602272727	-12.0812436	-12.3383479	-13.9209625	-10.3488013	2.47772569	0	0	0	0	0	3
270	33	0	0.613636364	-12.126186	-12.378743	-13.9209625	-10.5048895	2.46443186	0	0	0	0	0	3
275	33	0	0.625	-12.1730947	-12.4166568	-13.9209625	-10.7379095	2.43899189	0	0	0	0	0	3
280	34	0	0.636363636	-12.2196875	-12.4503335	-13.9209625	-11.0837821	2.39366029	0	0	0	0	0	3
285	34	0	0.647727273	-12.2630469	-12.477135	-13.9209625	-11.533834	2.32198438	0	0	0	0	0	3
290	35	0	0.659090909	-12.2984076	-12.4945117	-13.9209625	-11.9774758	1.94348671	0	0	0	0	0	3
295	36	0	0.670454545	-12.3259336	-12.5005695	-13.9209625	-11.9774758	1.94348671	0	0	0	0	0	3
300	36	0	0.681818182	-12.345523	-12.497124	-13.9209625	-11.9774758	1.94348671	0	0	0	0	0	3
305	37	0	0.693181818	-12.3568548	-12.4779852	-13.9209625	-11.9774758	1.78540665	0	0	0	0	0	3
310	37	0	0.704545455	-12.3606021	-12.451968	-13.9209625	-11.9774758	1.63191199	0	0	0	0	0	3
315	38	0	0.715909091	-12.3601556	-12.4195839	-13.9209625	-11.9774758	1.48656414	0	0	0	0	0	3
320	39	0	0.727272727	-12.3590284	-12.3840854	-13.9169797	-11.9774758	1.35461076	0	0	0	0	0	3
325	39	0	0.738636364	-12.3545103	-12.3485747	-13.7903577	-11.9774758	1.23963689	0	0	0	0	0	3
330	40	0	0.75	-12.3486851	-12.3158095	-13.5868714	-11.9774758	1.14272278	0	0	0	0	0	3
335	40	0	0.761363636	-12.3420307	-12.2875176	-13.3193477	-11.9774758	1.06426274	0	0	0	0	0	3
340	41	0	0.772727273	-12.3379046	-12.2652121	-13.0065098	-11.9774758	1.00387031	0	0	0	0	0	3
345	41	0	0.784090909	-12.3317728	-12.2666912	-13.0065098	-11.9774758	1.00387031	0	0	0	0	0	3
350	42	0	0.795454545	-12.3277787	-12.2516083	-12.7012237	-11.9774758	0.723747919	0	0	0	0	0	3
355	42	0	0.806818182	-12.3267101	-12.2432858	-12.4546905	-11.9774758	0.477214698	0	0	0	0	0	3
360	42	0	0.818181818	-12.3227825	-12.2397836	-12.4447118	-11.9774758	0.467235964	0	0	0	0	0	3
365	43	0	0.829545455	-12.3215531	-12.2442951	-12.4447118	-11.9774758	0.467235964	0	0	0	0	0	3
370	43	0	0.840909091	-12.3223519	-12.2509246	-12.4447118	-11.9774758	0.467235964	0	0	0	0	0	3
375	44	0	0.852272727	-12.3171857	-12.2580705	-12.4447118	-11.9774758	0.467235964	0	0	0	0	0	3
380	44	0	0.863636364	-12.3161282	-12.2645692	-12.4447118	-11.9774758	0.467235964	0	0	0	0	0	3
385	45	0	0.875	-12.3122933	-12.2694148	-12.4447118	-11.9774758	0.467235964	0	0	0	0	0	3
390	45	0	0.886363636	-12.3053399	-12.2720889	-12.4447118	-11.9774758	0.467235964	0	0	0	0	0	3
395	46	0	0.897727273	-12.2951419	-12.2727583	-12.4447118	-11.9774758	0.467235964	0	0	0	0	0	3
400	46	0	0.909090909	-12.2887811	-12.2731144	-12.4447118	-11.9774758	0.467235964	0	0	0	0	0	3
405	47	0	0.920454545	-12.2753767	-12.2718811	-12.4447118	-11.9774758	0.467235964	0	0	0	0	0	3
410	47	0	0.931818182	-12.2622622	-12.2692504	-12.4447118	-11.9774758	0.467235964	0	0	0	0	0	3
415	48	0	0.943181818	-12.2425409	-12.2613996	-12.4447118	-11.9774758	0.467235964	0	0	0	0	0	3
420	48	0	0.954545455	-12.2272847	-12.2564581	-12.4316355	-11.9774758	0.454159699	0	0	0	0	0	3
425	49	0	0.965909091	-12.2136932	-12.2515048	-12.3971468	-11.9774758	0.419670984	0	0	0	0	0	3
430	49	0	0.977272727	-12.2007916	-12.2470422	-12.3606021	-11.9774758	0.383126269	0	0	0	0	0	3
435	50	0	0.988636364	-12.1822796	-12.2435026	-12.3606021	-11.9774758	0.383126269	0	0	0	0	0	3
440	50	0	1	-12.1665341	-12.2411893	-12.3606021	-11.9774758	0.383126269	0.639942715	0	100	0	0	3
445	51	0	1.01136364	-12.1544859	-12.2402484	-12.3606021	-11.9774758	0.383126269	0.639942715	0	100	0	0	3
450	51	0	1.02272727	-12.1458082	-12.2406754	-12.3606021	-11.9774758	0.383126269	0.639942715	0	100	0	0	3
455	52	0	1.03409091	-12.1327249	-12.2422276	-12.3606021	-11.9774758	0.383126269	0.639942715	0	100	0	0	3
460	52	0	1.04545455	-12.1139237	-12.24449	-12.3606021	-11.9774758	0.383126269	0.639942715	0	100	0	0	3
465	52	0	1.05681818	-12.1014282	-12.2471807	-12.3606021	-11.9774758	0.304894076	0.639942715	0	100	0	0	3
470	53	0	1.06818182	-12.0935205	-12.243766	-12.3606021	-11.9774758	0.304894076	0.639942715	0	100	0	0	3
475	53	0	1.07954545	-12.0750968	-12.2515152	-12.3606021	-12.0382027	0.260785899	0.639942715	0	100	0	0	3
480	54	0	1.09090909	-12.0525404	-12.2470935	-12.3606021	-12.0382027	0.260785899	0.639942715	0	100	0	0	3
485	54	0	1.10227273	-12.0377144	-12.2508517	-12.3606021	-12.0377144	0.260785899	0.639942715	0	100	0	0	3
490	55	0	1.11363636	-12.0243992	-12.2458194	-12.3606021	-12.0243992	0.260785899	0.639942715	0	100	0	0	3
495	55	0	1.125	-12.0307589	-12.2453035	-12.3606021	-12.0243992	0.260785899	0.639942715	0	100	0	0	3
500	56	0	1.13636364	-12.0383294	-12.2411817	-12.3606021	-12.0243992	0.260785899	0.639942715	0	100	0	0	3
505	56	0	1.14772727	-12.0450473	-12.2362272	-12.3606021	-12.0243992	0.264342344	0.639942715	0	100	0	0	3
510	57	0	1.15909091	-12.0387823	-12.2303266	-12.3606021	-12.0243992	0.270242918	0.639942715	0	100	0	0	3
515	57	0	1.17045455	-12.0312086	-12.2236283	-12.3606021	-12.0243992	0.273495733	0.639942715	0	100	0	0	3
520	58	0	1.18181818	-12.0278788	-12.2164091	-12.3606021	-12.0243992	0.261576086	0.639942715	0	100	0	0	3
525	58	0	1.19318182	-12.016832	-12.2119741	-12.3606021	-12.016832	0.266011134	0.639942715	0	100	0	0	3
530	59	0	1.20454545	-12.0157828	-12.2008445	-12.3601556	-12.0157828	0.218739385	0.639942715	0	100	0	0	3
535	59	0	1.21590909	-12.0169678	-12.1967584	-12.3601556	-12.0157828	0.222825534	0.639942715	0	100	0	0	3
540	60	0	1.22727273	-12.0180565	-12.1852954	-12.3545103	-12.0157828	0.163279295	0.639942715	0	100	0	0	3
545	60	0	1.23863636	-12.0240555	-12.1817123	-12.3545103	-12.0157828	0.166862405	0.639942715	0	100	0	0	3
550	61	0	1.25	-12.0408617	-12.1707891	-12.3420307	-12.0157828	0.116728498	0.639942715	0	100	0	0	3
555	61	0	1.26136364	-12.0505949	-12.1641656	-12.3379046	-12.0157828	0.108948792	0.639942715	0	100	0	0	3
560	62	0	1.27272727	-12.0507229	-12.1576387	-12.3317728	-12.0157828	0.11547565	0.639942715	0	100	0	0	3
565	62	0	1.28409091	-12.061879	-12.1515048	-12.3277787	-12.0157828	0.1216096	0.639942715	0	100	0	0	3
570	62	0	1.29545455	-12.0782581	-12.1458339	-12.3267101	-12.0157828	0.127280522	0.639942715	0	100	0	0	3
575	63	0	1.30681818	-12.100593	-12.1406948	-12.3227825	-12.0157828	0.132419547	0.639942715	0	100	0	0	3
580	63	0	1.31818182	-12.12521	-12.1403507	-12.3227825	-12.0157828	0.132763653	0.639942715	0	100	0	0	3
585	64	0	1.32954545	-12.1457403	-12.1322088	-12.3223519	-12.0157828	0.140905575	0.639942715	0	100	0	0	3
590	64	0	1.34090909	-12.1591746	-12.132808	-12.3223519	-12.0157828	0.140905575	0.639942715	0	100	0	0	3
595	65	0	1.35227273	-12.1770454	-12.1253152	-12.3161282	-12.0157828	0.14779916	0.639942715	0	100	0	0	3
600	65	0	1.36363636	-12.1714419	-12.1263403	-12.3161282	-12.0157828	0.14779916	0.639942715	0	100	0	0	3
605	66	0	1.375	-12.1715402	-12.118828	-12.3053399	-12.0157828	0.154286419	0.639942715	0	100	0	0	3
610	66	0	1.38636364	-12.1641156	-12.1156183	-12.2951419	-12.0157828	0.157496063	0.639942715	0	100	0	0	3
615	67	0	1.39772727	-12.1537729	-12.1124054	-12.2887811	-12.0157828	0.160708993	0.639942715	0	100	0	0	3
620	67	0	1.40909091	-12.143828	-12.109111	-12.2753767	-12.0157828	0.162770155	0.639942715	0	100	0	0	3
625	68	0	1.42045455	-12.1385091	-12.1060004	-12.2622622	-12.0157828	0.163250077	0.639942715	0	100	0	0	3
630	68	0	1.43181818	-12.1303572	-12.1030025	-12.2425409	-12.0157828	0.158397082	0.639942715	0	100	0	0	3
635	69	0	1.44318182	-12.1273234	-12.103543	-12.2425409	-12.0157828	0.158397082	0.639942715	0	100	0	0	3
640	69	0	1.45454545	-12.1289061	-12.0981481	-12.2136932	-12.0157828	0.1533671	0.639942715	0	100	0	0	3
645	70	0	1.46590909	-12.1435125	-12.0991562	-12.2136932	-12.0157828	0.1533671	0.639942715	0	100	0	0	3
650	70	0	1.47727273	-12.1441253	-12.0952652	-12.1822796	-12.0157828	0.156249985	0.639942715	0	100	0	0	3
