Iteration	CPUTime	PhysTime	Travels	Value	AvValue	MinValue	MaxValue	Delta	Criteria	PrevAvRefValue	Progress	CriteriaType	CriteriaVarType	CriteriaPercentage
1	1	0	0.00227272727	22.219796	22.219796	22.219796	22.219796	0	0	0	0	0	0	3
5	1	0	0.0113636364	69.9236036	46.0716998	22.219796	69.9236036	23.8519038	0	0	0	0	0	3
10	2	0	0.0227272727	89.327093	60.4901642	22.219796	89.327093	38.2703682	0	0	0	0	0	3
15	2	0	0.0340909091	90.9372689	68.1019404	22.219796	90.9372689	45.8821444	0	0	0	0	0	3
20	3	0	0.0454545455	87.1118723	71.9039268	22.219796	90.9372689	49.6841308	0	0	0	0	0	3
25	3	0	0.0568181818	82.0724489	73.5986805	22.219796	90.9372689	51.3788844	0	0	0	0	0	3
30	4	0	0.0681818182	77.4839605	74.1537205	22.219796	90.9372689	51.9339244	0	0	0	0	0	3
35	5	0	0.0795454545	73.5978996	74.0842428	22.219796	90.9372689	51.9339244	0	0	0	0	0	3
40	5	0	0.0909090909	70.3515064	73.6694944	22.219796	90.9372689	51.9339244	0	0	0	0	0	3
45	6	0	0.102272727	67.4351169	73.0460566	22.219796	90.9372689	51.9339244	0	0	0	0	0	3
50	6	0	0.113636364	64.4728476	72.266674	22.219796	90.9372689	51.9339244	0	0	0	0	0	3
55	7	0	0.125	61.2916344	71.3520873	22.219796	90.9372689	51.9339244	0	0	0	0	0	3
60	8	0	0.136363636	57.9769371	70.3232296	22.219796	90.9372689	51.9339244	0	0	0	0	0	3
65	8	0	0.147727273	54.6220965	69.2017201	22.219796	90.9372689	51.9339244	0	0	0	0	0	3
70	9	0	0.159090909	51.3600544	68.0122757	22.219796	90.9372689	51.9339244	0	0	0	0	0	3
75	9	0	0.170454545	48.3110972	66.7809521	22.219796	90.9372689	51.9339244	0	0	0	0	0	3
80	10	0	0.181818182	45.61316	65.5357878	22.219796	90.9372689	51.9339244	0	0	0	0	0	3
85	11	0	0.193181818	43.1645332	64.2929404	22.219796	90.9372689	51.9339244	0	0	0	0	0	3
90	11	0	0.204545455	40.8004402	63.056493	22.219796	90.9372689	51.9339244	0	0	0	0	0	3
95	12	0	0.215909091	38.4371174	61.8255242	22.219796	90.9372689	51.9339244	0	0	0	0	0	3
100	12	0	0.227272727	36.18561	60.6045759	22.219796	90.9372689	51.9339244	0	0	0	0	0	3
105	13	0	0.238636364	34.1329939	59.4013222	22.219796	90.9372689	51.9339244	0	0	0	0	0	3
110	14	0	0.25	32.3281252	58.2242267	22.219796	90.9372689	51.9339244	0	0	0	0	0	3
115	14	0	0.261363636	30.7970793	57.0814289	22.219796	90.9372689	51.9339244	0	0	0	0	0	3
120	15	0	0.272727273	29.522028	55.9790528	22.219796	90.9372689	51.9339244	0	0	0	0	0	3
125	16	0	0.284090909	28.458019	54.9205515	22.219796	90.9372689	51.9339244	0	0	0	0	0	3
130	17	0	0.295454545	27.5592435	53.9071697	22.219796	90.9372689	51.9339244	0	0	0	0	0	3
135	18	0	0.306818182	26.7959762	52.9389128	22.219796	90.9372689	51.9339244	0	0	0	0	0	3
140	18	0	0.318181818	26.0803605	52.0127559	22.219796	90.9372689	51.9339244	0	0	0	0	0	3
145	19	0	0.329545455	25.4264713	51.1265464	22.219796	90.9372689	51.9339244	0	0	0	0	0	3
150	19	0	0.340909091	24.8371955	50.2785028	22.219796	90.9372689	51.9339244	0	0	0	0	0	3
155	20	0	0.352272727	24.3038822	49.4667959	22.219796	90.9372689	51.9339244	0	0	0	0	0	3
160	20	0	0.363636364	23.8319452	48.6899822	22.219796	90.9372689	51.9339244	0	0	0	0	0	3
165	21	0	0.375	23.4179589	47.9466874	22.219796	90.9372689	51.9339244	0	0	0	0	0	3
170	21	0	0.386363636	23.0731275	47.2360143	22.219796	90.9372689	51.9339244	0	0	0	0	0	3
175	22	0	0.397727273	22.747534	46.5557787	22.219796	90.9372689	51.9339244	0	0	0	0	0	3
180	23	0	0.409090909	22.4180555	45.9034078	22.219796	90.9372689	51.9339244	0	0	0	0	0	3
185	23	0	0.420454545	22.0623194	45.2760108	22.0623194	90.9372689	51.9339244	0	0	0	0	0	3
190	24	0	0.431818182	21.6846469	44.671104	21.6846469	90.9372689	51.9339244	0	0	0	0	0	3
195	24	0	0.443181818	21.2931804	44.0866559	21.2931804	90.9372689	51.9339244	0	0	0	0	0	3
200	25	0	0.454545455	20.9026611	43.5211926	20.9026611	90.9372689	51.9339244	0	0	0	0	0	3
205	25	0	0.465909091	20.5186391	42.9735128	20.5186391	90.9372689	51.9339244	0	0	0	0	0	3
210	26	0	0.477272727	20.151952	42.4427788	20.151952	90.9372689	51.9339244	0	0	0	0	0	3
215	26	0	0.488636364	19.7978312	41.9281209	19.7978312	90.9372689	51.9339244	0	0	0	0	0	3
220	27	0	0.5	19.4659305	41.4289611	19.4659305	90.9372689	51.9339244	0	0	0	0	0	3
225	28	0	0.511363636	19.1669986	40.7119739	19.1669986	90.9372689	33.4417466	0	0	0	0	0	3
230	28	0	0.522727273	18.8995679	39.1113483	18.8995679	90.9372689	35.0423722	0	0	0	0	0	3
235	29	0	0.534090909	18.6651741	37.4688007	18.6651741	87.1118723	36.6849198	0	0	0	0	0	3
240	29	0	0.545454545	18.4720854	37.0466514	18.4720854	87.1118723	37.107069	0	0	0	0	0	3
245	30	0	0.556818182	18.3227492	35.5180043	18.3227492	82.0724489	38.6357162	0	0	0	0	0	3
250	30	0	0.568181818	18.2202611	33.1130464	18.2202611	73.5978996	40.9711964	0	0	0	0	0	3
255	31	0	0.579545455	18.1621742	31.8531436	18.1621742	70.3515064	41.8163508	0	0	0	0	0	3
260	32	0	0.590909091	18.134429	30.6663918	18.134429	67.4351169	42.3796648	0	0	0	0	0	3
265	32	0	0.602272727	18.1257454	29.5457243	18.1257454	64.4728476	42.7209497	0	0	0	0	0	3
270	33	0	0.613636364	18.1254348	28.492374	18.1254348	61.2916344	42.8597133	0	0	0	0	0	3
275	33	0	0.625	18.1308193	27.5114464	18.1254348	57.9769371	39.8515023	0	0	0	0	0	3
280	34	0	0.636363636	18.1431126	26.6061322	18.1254348	54.6220965	36.4966617	0	0	0	0	0	3
285	34	0	0.647727273	18.1587371	25.7774195	18.1254348	51.3600544	33.2346195	0	0	0	0	0	3
290	35	0	0.659090909	18.1789423	25.0233033	18.1254348	48.3110972	30.1856624	0	0	0	0	0	3
295	36	0	0.670454545	18.1982702	24.3389209	18.1254348	45.61316	27.4877252	0	0	0	0	0	3
300	36	0	0.681818182	18.2149762	24.2028332	18.1254348	45.61316	27.4877252	0	0	0	0	0	3
305	37	0	0.693181818	18.2271693	23.1494766	18.1254348	40.8004402	22.6750054	0	0	0	0	0	3
310	37	0	0.704545455	18.236165	22.6366522	18.1254348	38.4371174	20.3116826	0	0	0	0	0	3
315	38	0	0.715909091	18.2392423	22.1776096	18.1254348	36.18561	18.0601752	0	0	0	0	0	3
320	39	0	0.727272727	18.2388091	21.7697277	18.1254348	34.1329939	16.0075591	0	0	0	0	0	3
325	39	0	0.738636364	18.2401414	21.4085265	18.1254348	32.3281252	14.2026904	0	0	0	0	0	3
330	40	0	0.75	18.2230769	21.0879572	18.1254348	30.7970793	12.6716444	0	0	0	0	0	3
335	40	0	0.761363636	18.1972404	20.8015973	18.1254348	29.522028	11.3965932	0	0	0	0	0	3
340	41	0	0.772727273	18.1792191	20.5438062	18.1254348	28.458019	10.3325842	0	0	0	0	0	3
345	41	0	0.784090909	18.1470083	20.490544	18.1254348	28.458019	10.3325842	0	0	0	0	0	3
350	42	0	0.795454545	18.1093173	20.2605728	18.1093173	27.5592435	9.44992619	0	0	0	0	0	3
355	42	0	0.806818182	18.0705839	20.0497137	18.0705839	26.7959762	8.72539229	0	0	0	0	0	3
360	42	0	0.818181818	18.0366512	19.713578	18.0366512	25.4264713	7.3898201	0	0	0	0	0	3
365	43	0	0.829545455	18.0075087	19.5449652	18.0075087	24.8371955	6.82968673	0	0	0	0	0	3
370	43	0	0.840909091	17.9824761	19.3891761	17.9824761	24.3038822	6.32140613	0	0	0	0	0	3
375	44	0	0.852272727	17.9576476	19.2449435	17.9576476	23.8319452	5.87429757	0	0	0	0	0	3
380	44	0	0.863636364	17.9358364	19.1109411	17.9358364	23.4179589	5.48212254	0	0	0	0	0	3
385	45	0	0.875	17.9135983	18.985842	17.9135983	23.0731275	5.15952917	0	0	0	0	0	3
390	45	0	0.886363636	17.8926873	18.8681047	17.8926873	22.747534	4.85484664	0	0	0	0	0	3
395	46	0	0.897727273	17.8746225	18.7573567	17.8746225	22.4180555	4.54343304	0	0	0	0	0	3
400	46	0	0.909090909	17.8565641	18.7373391	17.8565641	22.4180555	4.56149138	0	0	0	0	0	3
405	47	0	0.920454545	17.8361662	18.6355193	17.8361662	22.0623194	4.22615317	0	0	0	0	0	3
410	47	0	0.931818182	17.8189052	18.5412212	17.8189052	21.6846469	3.86574166	0	0	0	0	0	3
415	48	0	0.943181818	17.7976441	18.3903357	17.7976441	20.9026611	3.10501705	0	0	0	0	0	3
420	48	0	0.954545455	17.7766429	18.3192899	17.7766429	20.5186391	2.74199625	0	0	0	0	0	3
425	49	0	0.965909091	17.7547583	18.2564744	17.7547583	20.151952	2.39719365	0	0	0	0	0	3
430	49	0	0.977272727	17.7341554	18.2015245	17.7341554	19.7978312	2.06367584	0	0	0	0	0	3
435	50	0	0.988636364	17.7083614	18.1540365	17.7083614	19.4659305	1.7575691	0	0	0	0	0	3
440	50	0	1	17.6822064	18.1134973	17.6822064	19.1669986	1.48479224	10.9882594	0	100	0	0	3
445	51	0	1.01136364	17.6568492	18.0791758	17.6568492	18.8995679	1.24271865	10.992063	0	100	0	0	3
450	51	0	1.02272727	17.6355349	18.0504477	17.6355349	18.6651741	1.02963921	10.9936615	0	100	0	0	3
455	52	0	1.03409091	17.6236847	18.0267775	17.6236847	18.4720854	0.848400699	10.9882594	0	100	0	0	3
460	52	0	1.04545455	17.5960665	18.006868	17.5960665	18.3227492	0.726682722	10.9882594	0	100	0	0	3
465	52	0	1.05681818	17.5668138	17.9896877	17.5668138	18.2401414	0.673327597	10.9882594	0	100	0	0	3
470	53	0	1.06818182	17.5272494	17.9794112	17.5272494	18.2401414	0.712891975	10.9882594	0	100	0	0	3
475	53	0	1.07954545	17.4787	17.9584039	17.4787	18.2401414	0.761441343	10.9882594	0	100	0	0	3
480	54	0	1.09090909	17.4357646	17.9467897	17.4357646	18.2401414	0.804376808	10.9882594	0	100	0	0	3
485	54	0	1.10227273	17.4100436	17.9262592	17.4100436	18.2401414	0.830097817	10.9882594	0	100	0	0	3
490	55	0	1.11363636	17.3835017	17.9141979	17.3835017	18.2401414	0.856639649	10.9882594	0	100	0	0	3
495	55	0	1.125	17.3606558	17.8918934	17.3606558	18.2401414	0.879485547	10.9882594	0	100	0	0	3
500	56	0	1.13636364	17.3367067	17.873566	17.3367067	18.2401414	0.903434644	10.9882594	0	100	0	0	3
505	56	0	1.14772727	17.3193522	17.854489	17.3193522	18.2401414	0.920789154	10.9882594	0	100	0	0	3
510	57	0	1.15909091	17.2973222	17.8344522	17.2973222	18.2401414	0.942819163	10.9882594	0	100	0	0	3
515	57	0	1.17045455	17.2625793	17.8131865	17.2625793	18.2401414	0.977562055	10.9882594	0	100	0	0	3
520	58	0	1.18181818	17.2247605	17.7906816	17.2247605	18.2401414	1.01538085	10.9882594	0	100	0	0	3
525	58	0	1.19318182	17.1897761	17.7773281	17.1897761	18.2401414	1.05036528	10.9882594	0	100	0	0	3
530	59	0	1.20454545	17.1509257	17.74244	17.1509257	18.2401414	1.08921565	10.9882594	0	100	0	0	3
535	59	0	1.21590909	17.117759	17.7285582	17.117759	18.2401414	1.12238239	10.9882594	0	100	0	0	3
540	60	0	1.22727273	17.07506	17.6905029	17.07506	18.2401414	1.16508137	10.9882594	0	100	0	0	3
545	60	0	1.23863636	17.0360974	17.6759605	17.0360974	18.2401414	1.20404397	10.9882594	0	100	0	0	3
550	61	0	1.25	17.0022649	17.6353925	17.0022649	18.1972404	1.19497546	10.9882594	0	100	0	0	3
555	61	0	1.26136364	16.9755244	17.6076262	16.9755244	18.1792191	1.20369467	10.9882594	0	100	0	0	3
560	62	0	1.27272727	16.9546375	17.5797948	16.9546375	18.1470083	1.19237085	10.9882594	0	100	0	0	3
565	62	0	1.28409091	16.9319843	17.5521806	16.9319843	18.1093173	1.17733294	10.9882594	0	100	0	0	3
570	62	0	1.29545455	16.9101926	17.5249278	16.9101926	18.0705839	1.16039135	10.9882594	0	100	0	0	3
575	63	0	1.30681818	16.8848334	17.4979789	16.8848334	18.0366512	1.15181782	10.9882594	0	100	0	0	3
580	63	0	1.31818182	16.8558128	17.4837086	16.8558128	18.0366512	1.18083843	10.9882594	0	100	0	0	3
585	64	0	1.32954545	16.8256888	17.4442821	16.8256888	17.9824761	1.15678732	10.9882594	0	100	0	0	3
590	64	0	1.34090909	16.7966529	17.4298904	16.7966529	17.9824761	1.18582319	10.9882594	0	100	0	0	3
595	65	0	1.35227273	16.7691416	17.3903201	16.7691416	17.9358364	1.16669474	10.9882594	0	100	0	0	3
600	65	0	1.36363636	16.7413316	17.3758982	16.7413316	17.9358364	1.19450478	10.9882594	0	100	0	0	3
605	66	0	1.375	16.7127449	17.3358802	16.7127449	17.8926873	1.17994248	10.9882594	0	100	0	0	3
610	66	0	1.38636364	16.6851733	17.3084367	16.6851733	17.8746225	1.18944912	10.9882594	0	100	0	0	3
615	67	0	1.39772727	16.6569737	17.2807628	16.6569737	17.8565641	1.19959043	10.9882594	0	100	0	0	3
620	67	0	1.40909091	16.6268905	17.2528157	16.6268905	17.8361662	1.20927572	10.9882594	0	100	0	0	3
625	68	0	1.42045455	16.5947871	17.2246025	16.5947871	17.8189052	1.22411814	10.9882594	0	100	0	0	3
630	68	0	1.43181818	16.5602191	17.195996	16.5602191	17.7976441	1.1943397	10.9882594	0	100	0	0	3
635	69	0	1.44318182	16.5277438	17.181146	16.5277438	17.7976441	1.20918975	10.9882594	0	100	0	0	3
640	69	0	1.45454545	16.4975192	17.1380637	16.4975192	17.7547583	1.11841072	10.9882594	0	100	0	0	3
645	70	0	1.46590909	16.4758078	17.1233469	16.4758078	17.7547583	1.13312752	10.9882594	0	100	0	0	3
650	70	0	1.47727273	16.4631394	17.0801099	16.4631394	17.7083614	1.07392663	10.9882594	0	100	0	0	3
