Iteration	CPUTime	PhysTime	Travels	Value	AvValue	MinValue	MaxValue	Delta	Criteria	PrevAvRefValue	Progress	CriteriaType	CriteriaVarType	CriteriaPercentage
1	1	0	0.00227272727	-576.576686	-576.576686	-576.576686	-576.576686	0	0	0	0	0	0	3
5	1	0	0.0113636364	-577.8896	-577.233143	-577.8896	-576.576686	0.656457369	0	0	0	0	0	3
10	2	0	0.0227272727	-581.636791	-578.701026	-581.636791	-576.576686	2.12434011	0	0	0	0	0	3
15	2	0	0.0340909091	-585.072141	-580.293805	-585.072141	-576.576686	3.71711891	0	0	0	0	0	3
20	3	0	0.0454545455	-587.869392	-581.808922	-587.869392	-576.576686	5.23223636	0	0	0	0	0	3
25	3	0	0.0568181818	-589.584363	-583.104829	-589.584363	-576.576686	6.52814326	0	0	0	0	0	3
30	4	0	0.0681818182	-590.011602	-584.091511	-590.011602	-576.576686	7.5148252	0	0	0	0	0	3
35	5	0	0.0795454545	-589.516289	-584.769608	-590.011602	-576.576686	8.19292251	0	0	0	0	0	3
40	5	0	0.0909090909	-588.601144	-585.195334	-590.011602	-576.576686	8.61864875	0	0	0	0	0	3
45	6	0	0.102272727	-587.833404	-585.459141	-590.011602	-576.576686	8.88245574	0	0	0	0	0	3
50	6	0	0.113636364	-587.066507	-585.605265	-590.011602	-576.576686	9.02857985	0	0	0	0	0	3
55	7	0	0.125	-586.320253	-585.664848	-590.011602	-576.576686	9.08816217	0	0	0	0	0	3
60	8	0	0.136363636	-585.512971	-585.653165	-590.011602	-576.576686	9.08816217	0	0	0	0	0	3
65	8	0	0.147727273	-584.75607	-585.589087	-590.011602	-576.576686	9.08816217	0	0	0	0	0	3
70	9	0	0.159090909	-584.116061	-585.490885	-590.011602	-576.576686	9.08816217	0	0	0	0	0	3
75	9	0	0.170454545	-583.255239	-585.351157	-590.011602	-576.576686	9.08816217	0	0	0	0	0	3
80	10	0	0.181818182	-581.661419	-585.134114	-590.011602	-576.576686	9.08816217	0	0	0	0	0	3
85	11	0	0.193181818	-579.420743	-584.816704	-590.011602	-576.576686	9.08816217	0	0	0	0	0	3
90	11	0	0.204545455	-576.666347	-584.387738	-590.011602	-576.576686	9.08816217	0	0	0	0	0	3
95	12	0	0.215909091	-573.644466	-583.850574	-590.011602	-573.644466	9.08816217	0	0	0	0	0	3
100	12	0	0.227272727	-570.6406	-583.221528	-590.011602	-570.6406	9.08816217	0	0	0	0	0	3
105	13	0	0.238636364	-567.983173	-582.528876	-590.011602	-567.983173	9.08816217	0	0	0	0	0	3
110	14	0	0.25	-565.90867	-581.806258	-590.011602	-565.90867	9.08816217	0	0	0	0	0	3
115	14	0	0.261363636	-564.532704	-581.086526	-590.011602	-564.532704	9.08816217	0	0	0	0	0	3
120	15	0	0.272727273	-563.939573	-580.400648	-590.011602	-563.939573	9.08816217	0	0	0	0	0	3
125	16	0	0.284090909	-564.112463	-579.77418	-590.011602	-563.939573	9.08816217	0	0	0	0	0	3
130	17	0	0.295454545	-564.997669	-579.226901	-590.011602	-563.939573	9.08816217	0	0	0	0	0	3
135	18	0	0.306818182	-566.455368	-578.770775	-590.011602	-563.939573	9.08816217	0	0	0	0	0	3
140	18	0	0.318181818	-568.29831	-578.409656	-590.011602	-563.939573	9.08816217	0	0	0	0	0	3
145	19	0	0.329545455	-570.241745	-578.137392	-590.011602	-563.939573	9.08816217	0	0	0	0	0	3
150	19	0	0.340909091	-572.074997	-577.941831	-590.011602	-563.939573	9.08816217	0	0	0	0	0	3
155	20	0	0.352272727	-573.639073	-577.80737	-590.011602	-563.939573	9.08816217	0	0	0	0	0	3
160	20	0	0.363636364	-574.835466	-577.717312	-590.011602	-563.939573	9.08816217	0	0	0	0	0	3
165	21	0	0.375	-575.621188	-577.655661	-590.011602	-563.939573	9.08816217	0	0	0	0	0	3
170	21	0	0.386363636	-576.019907	-577.608926	-590.011602	-563.939573	9.08816217	0	0	0	0	0	3
175	22	0	0.397727273	-576.096789	-577.566922	-590.011602	-563.939573	9.08816217	0	0	0	0	0	3
180	23	0	0.409090909	-575.931398	-577.522718	-590.011602	-563.939573	9.08816217	0	0	0	0	0	3
185	23	0	0.420454545	-575.612038	-577.472437	-590.011602	-563.939573	9.08816217	0	0	0	0	0	3
190	24	0	0.431818182	-575.217995	-577.414631	-590.011602	-563.939573	9.08816217	0	0	0	0	0	3
195	24	0	0.443181818	-574.812448	-577.349577	-590.011602	-563.939573	9.08816217	0	0	0	0	0	3
200	25	0	0.454545455	-574.455882	-577.278999	-590.011602	-563.939573	9.08816217	0	0	0	0	0	3
205	25	0	0.465909091	-574.194098	-577.205549	-590.011602	-563.939573	9.08816217	0	0	0	0	0	3
210	26	0	0.477272727	-574.057697	-577.132343	-590.011602	-563.939573	9.08816217	0	0	0	0	0	3
215	26	0	0.488636364	-574.063952	-577.062607	-590.011602	-563.939573	9.08816217	0	0	0	0	0	3
220	27	0	0.5	-574.213051	-576.999283	-590.011602	-563.939573	9.08816217	0	0	0	0	0	3
225	28	0	0.511363636	-574.497968	-576.931805	-590.011602	-563.939573	8.7330427	0	0	0	0	0	3
230	28	0	0.522727273	-574.910675	-576.778939	-590.011602	-563.939573	8.88590897	0	0	0	0	0	3
235	29	0	0.534090909	-575.432422	-576.559854	-590.011602	-563.939573	9.1049935	0	0	0	0	0	3
240	29	0	0.545454545	-576.037245	-576.548241	-590.011602	-563.939573	9.11660705	0	0	0	0	0	3
245	30	0	0.556818182	-576.69181	-576.29985	-590.011602	-563.939573	9.36499774	0	0	0	0	0	3
250	30	0	0.568181818	-577.36227	-575.710444	-589.516289	-563.939573	9.95440334	0	0	0	0	0	3
255	31	0	0.579545455	-578.023798	-575.449251	-588.601144	-563.939573	10.2155963	0	0	0	0	0	3
260	32	0	0.590909091	-578.663395	-575.223394	-587.833404	-563.939573	10.4414543	0	0	0	0	0	3
265	32	0	0.602272727	-579.270742	-575.028788	-587.066507	-563.939573	10.6360602	0	0	0	0	0	3
270	33	0	0.613636364	-579.83849	-574.864514	-586.320253	-563.939573	10.8003333	0	0	0	0	0	3
275	33	0	0.625	-580.362985	-574.729122	-585.512971	-563.939573	10.924043	0	0	0	0	0	3
280	34	0	0.636363636	-580.845152	-574.623035	-584.75607	-563.939573	10.9660516	0	0	0	0	0	3
285	34	0	0.647727273	-581.295195	-574.544379	-584.116061	-563.939573	10.9465061	0	0	0	0	0	3
290	35	0	0.659090909	-581.720546	-574.489935	-583.255239	-563.939573	10.8612217	0	0	0	0	0	3
295	36	0	0.670454545	-582.134611	-574.464467	-582.134611	-563.939573	10.6696471	0	0	0	0	0	3
300	36	0	0.681818182	-582.544691	-574.644027	-582.544691	-563.939573	10.6696471	0	0	0	0	0	3
305	37	0	0.693181818	-582.954419	-574.564852	-582.954419	-563.939573	9.9232714	0	0	0	0	0	3
310	37	0	0.704545455	-583.360378	-574.716989	-583.360378	-563.939573	9.3861078	0	0	0	0	0	3
315	38	0	0.715909091	-583.755275	-574.94678	-583.755275	-563.939573	8.7570614	0	0	0	0	0	3
320	39	0	0.727272727	-584.144351	-575.253683	-584.144351	-563.939573	8.0644089	0	0	0	0	0	3
325	39	0	0.738636364	-584.523437	-575.629599	-584.523437	-563.939573	7.34179125	0	0	0	0	0	3
330	40	0	0.75	-584.902694	-576.061281	-584.902694	-563.939573	6.62205985	0	0	0	0	0	3
335	40	0	0.761363636	-585.284439	-576.532911	-585.284439	-563.939573	5.9361817	0	0	0	0	0	3
340	41	0	0.772727273	-585.66826	-577.026745	-585.66826	-564.112463	5.30971302	0	0	0	0	0	3
345	41	0	0.784090909	-586.061026	-577.227507	-586.061026	-564.112463	5.30971302	0	0	0	0	0	3
350	42	0	0.795454545	-586.458846	-577.724093	-586.458846	-564.997669	4.76243484	0	0	0	0	0	3
355	42	0	0.806818182	-586.851194	-578.209727	-586.851194	-566.455368	4.30630866	0	0	0	0	0	3
360	42	0	0.818181818	-587.239939	-578.907363	-587.239939	-570.241745	4.44289646	0	0	0	0	0	3
365	43	0	0.829545455	-587.650363	-579.303014	-587.650363	-572.074997	4.83854687	0	0	0	0	0	3
370	43	0	0.840909091	-588.054583	-579.666186	-588.054583	-573.639073	5.20171928	0	0	0	0	0	3
375	44	0	0.852272727	-588.458018	-580.00298	-588.458018	-574.057697	5.53851348	0	0	0	0	0	3
380	44	0	0.863636364	-588.874145	-580.322041	-588.874145	-574.057697	5.85757437	0	0	0	0	0	3
385	45	0	0.875	-589.291082	-580.63272	-589.291082	-574.057697	6.16825378	0	0	0	0	0	3
390	45	0	0.886363636	-589.699058	-580.94361	-589.699058	-574.057697	6.47914358	0	0	0	0	0	3
395	46	0	0.897727273	-590.071282	-581.261212	-590.071282	-574.057697	6.79674571	0	0	0	0	0	3
400	46	0	0.909090909	-590.432764	-581.465025	-590.432764	-574.057697	7.00055796	0	0	0	0	0	3
405	47	0	0.920454545	-590.795045	-581.795328	-590.795045	-574.057697	7.33086123	0	0	0	0	0	3
410	47	0	0.931818182	-591.136746	-582.140321	-591.136746	-574.057697	7.67585475	0	0	0	0	0	3
415	48	0	0.943181818	-591.438966	-582.675522	-591.438966	-574.057697	8.21105576	0	0	0	0	0	3
420	48	0	0.954545455	-591.749556	-583.06856	-591.749556	-574.057697	8.60409379	0	0	0	0	0	3
425	49	0	0.965909091	-592.063309	-583.474679	-592.063309	-574.057697	9.01021223	0	0	0	0	0	3
430	49	0	0.977272727	-592.361545	-583.890675	-592.361545	-574.063952	9.42620877	0	0	0	0	0	3
435	50	0	0.988636364	-592.598523	-584.311916	-592.598523	-574.213051	9.84744902	0	0	0	0	0	3
440	50	0	1	-592.862941	-584.735777	-592.862941	-574.497968	10.2713101	4.33850522	0	42.2	0	0	3
445	51	0	1.01136364	-593.123845	-585.159092	-593.123845	-574.910675	10.6946255	4.37764083	0	40.9	0	0	3
450	51	0	1.02272727	-593.365343	-585.578516	-593.365343	-575.432422	11.1140498	4.39575317	0	39.5	0	0	3
455	52	0	1.03409091	-593.580885	-585.990982	-593.580885	-576.037245	11.5265149	4.41256774	0	38.2	0	0	3
460	52	0	1.04545455	-593.731191	-586.393117	-593.731191	-576.69181	11.92865	4.4266115	0	37.1	0	0	3
465	52	0	1.05681818	-593.862149	-586.783352	-593.862149	-577.36227	12.318885	4.43896649	0	36	0	0	3
470	53	0	1.06818182	-593.931267	-586.942194	-593.931267	-577.36227	12.4777275	4.44893109	0	35.6	0	0	3
475	53	0	1.07954545	-594.015606	-587.52337	-594.015606	-578.663395	13.0589033	4.45785593	0	34.1	0	0	3
480	54	0	1.09090909	-594.101662	-587.669554	-594.101662	-578.663395	13.2050875	4.46616311	0	33.8	0	0	3
485	54	0	1.10227273	-594.208064	-588.213724	-594.208064	-579.83849	13.7492576	4.47439763	0	32.5	0	0	3
490	55	0	1.11363636	-594.280258	-588.348536	-594.280258	-579.83849	13.8840694	4.48206815	0	32.2	0	0	3
495	55	0	1.125	-594.382118	-588.860563	-594.382118	-580.845152	13.536966	4.48973304	0	33.1	0	0	3
500	56	0	1.13636364	-594.482329	-589.170499	-594.482329	-581.295195	13.1871339	4.49737308	0	34.1	0	0	3
505	56	0	1.14772727	-594.54492	-589.471629	-594.54492	-581.720546	12.8243744	4.50455993	0	35.1	0	0	3
510	57	0	1.15909091	-594.641885	-589.765296	-594.641885	-582.134611	12.5072736	4.51175899	0	36	0	0	3
515	57	0	1.17045455	-594.739799	-590.051777	-594.739799	-582.544691	12.1951078	4.51897733	0	37	0	0	3
520	58	0	1.18181818	-594.828205	-590.330948	-594.828205	-582.954419	11.8737864	4.52612217	0	38.1	0	0	3
525	58	0	1.19318182	-594.878595	-590.432007	-594.878595	-582.954419	11.9241763	4.53287107	0	38	0	0	3
530	59	0	1.20454545	-594.946736	-590.865278	-594.946736	-583.755275	11.1914615	4.53943793	0	40.5	0	0	3
535	59	0	1.21590909	-595.010837	-590.957402	-595.010837	-583.755275	11.2555626	4.5458196	0	40.3	0	0	3
540	60	0	1.22727273	-595.077508	-591.369567	-595.077508	-584.523437	10.5540712	4.55206314	0	43.1	0	0	3
545	60	0	1.23863636	-595.147976	-591.453532	-595.147976	-584.523437	10.6245391	4.5582154	0	42.9	0	0	3
550	61	0	1.25	-595.20587	-591.845197	-595.20587	-585.284439	9.92143112	4.56420309	0	46	0	0	3
555	61	0	1.26136364	-595.317225	-592.073215	-595.317225	-585.66826	9.64896435	4.57039634	0	47.3	0	0	3
560	62	0	1.27272727	-595.405073	-592.294506	-595.405073	-586.061026	9.3440477	4.57554197	0	48.9	0	0	3
565	62	0	1.28409091	-595.520964	-592.509505	-595.520964	-586.458846	9.06211871	4.57566007	0	50.4	0	0	3
570	62	0	1.29545455	-595.633263	-592.718014	-595.633263	-586.851194	8.78206889	4.56800714	0	52	0	0	3
575	63	0	1.30681818	-595.734263	-592.919902	-595.734263	-587.239939	8.49432441	4.55124366	0	53.5	0	0	3
580	63	0	1.31818182	-595.830475	-592.984582	-595.830475	-587.239939	8.59053632	4.52578173	0	52.6	0	0	3
585	64	0	1.32954545	-595.935862	-593.303449	-595.935862	-588.054583	7.88127976	4.49313856	0	57	0	0	3
590	64	0	1.34090909	-596.042765	-593.364322	-596.042765	-588.054583	7.98818232	4.45538573	0	55.7	0	0	3
595	65	0	1.35227273	-596.118725	-593.659105	-596.118725	-588.874145	7.24457925	4.41841052	0	60.9	0	0	3
600	65	0	1.36363636	-596.17138	-593.714934	-596.17138	-588.874145	7.29723488	4.38399308	0	60	0	0	3
605	66	0	1.375	-596.255902	-593.983243	-596.255902	-589.699058	6.55684337	4.35204574	0	66.3	0	0	3
610	66	0	1.38636364	-596.340229	-594.134178	-596.340229	-590.071282	6.26894613	4.33850522	0	69.2	0	0	3
615	67	0	1.39772727	-596.422797	-594.278531	-596.422797	-590.432764	5.99003379	4.33850522	0	72.4	0	0	3
620	67	0	1.40909091	-596.496938	-594.416353	-596.496938	-590.795045	5.70189279	4.33850522	0	76	0	0	3
625	68	0	1.42045455	-596.55567	-594.547277	-596.55567	-591.136746	5.41892329	4.33850522	0	80	0	0	3
630	68	0	1.43181818	-596.596204	-594.671355	-596.596204	-591.438966	5.15723869	4.33850522	0	84.1	0	0	3
635	69	0	1.44318182	-596.636339	-594.715021	-596.636339	-591.438966	5.19737335	4.33850522	0	83.4	0	0	3
640	69	0	1.45454545	-596.676146	-594.901445	-596.676146	-592.063309	4.61283688	4.33850522	0	94	0	0	3
645	70	0	1.46590909	-596.687134	-594.941127	-596.687134	-592.063309	4.62382475	4.33850522	0	93.8	0	0	3
650	70	0	1.47727273	-596.702538	-595.105191	-596.702538	-592.598523	4.10401412	4.33850522	0	100	0	0	3
