Iteration	CPUTime	PhysTime	Travels	Value	AvValue	MinValue	MaxValue	Delta	Criteria	PrevAvRefValue	Progress	CriteriaType	CriteriaVarType	CriteriaPercentage
1	1	0	0.00227272727	101431.067	101431.067	101431.067	101431.067	0	0	0	0	0	0	3
5	1	0	0.0113636364	101670.352	101550.71	101431.067	101670.352	119.642386	0	0	0	0	0	3
10	2	0	0.0227272727	101811.561	101637.66	101431.067	101811.561	206.592703	0	0	0	0	0	3
15	2	0	0.0340909091	101902.898	101703.969	101431.067	101902.898	272.902243	0	0	0	0	0	3
20	3	0	0.0454545455	102005.632	101764.302	101431.067	102005.632	333.234648	0	0	0	0	0	3
25	3	0	0.0568181818	102128.954	101825.077	101431.067	102128.954	394.010041	0	0	0	0	0	3
30	4	0	0.0681818182	102270.232	101888.671	101431.067	102270.232	457.603562	0	0	0	0	0	3
35	5	0	0.0795454545	102432.857	101956.694	101431.067	102432.857	525.626789	0	0	0	0	0	3
40	5	0	0.0909090909	102596.658	102027.801	101431.067	102596.658	596.733939	0	0	0	0	0	3
45	6	0	0.102272727	102714.552	102096.476	101431.067	102714.552	665.409024	0	0	0	0	0	3
50	6	0	0.113636364	102751.683	102156.041	101431.067	102751.683	724.973256	0	0	0	0	0	3
55	7	0	0.125	102703.226	102201.639	101431.067	102751.683	770.572053	0	0	0	0	0	3
60	8	0	0.136363636	102583.675	102231.027	101431.067	102751.683	799.959432	0	0	0	0	0	3
65	8	0	0.147727273	102414.165	102244.108	101431.067	102751.683	813.040731	0	0	0	0	0	3
70	9	0	0.159090909	102216.632	102242.276	101431.067	102751.683	813.040731	0	0	0	0	0	3
75	9	0	0.170454545	102015.033	102228.074	101431.067	102751.683	813.040731	0	0	0	0	0	3
80	10	0	0.181818182	101834.335	102204.912	101431.067	102751.683	813.040731	0	0	0	0	0	3
85	11	0	0.193181818	101691.969	102176.416	101431.067	102751.683	813.040731	0	0	0	0	0	3
90	11	0	0.204545455	101596.51	102145.894	101431.067	102751.683	813.040731	0	0	0	0	0	3
95	12	0	0.215909091	101548.405	102116.02	101431.067	102751.683	813.040731	0	0	0	0	0	3
100	12	0	0.227272727	101538.124	102088.501	101431.067	102751.683	813.040731	0	0	0	0	0	3
105	13	0	0.238636364	101560.964	102064.522	101431.067	102751.683	813.040731	0	0	0	0	0	3
110	14	0	0.25	101613.387	102044.907	101431.067	102751.683	813.040731	0	0	0	0	0	3
115	14	0	0.261363636	101685.671	102029.939	101431.067	102751.683	813.040731	0	0	0	0	0	3
120	15	0	0.272727273	101768.412	102019.478	101431.067	102751.683	813.040731	0	0	0	0	0	3
125	16	0	0.284090909	101854.304	102013.125	101431.067	102751.683	813.040731	0	0	0	0	0	3
130	17	0	0.295454545	101937.684	102010.331	101431.067	102751.683	813.040731	0	0	0	0	0	3
135	18	0	0.306818182	102017.89	102010.601	101431.067	102751.683	813.040731	0	0	0	0	0	3
140	18	0	0.318181818	102093.699	102013.467	101431.067	102751.683	813.040731	0	0	0	0	0	3
145	19	0	0.329545455	102164.687	102018.507	101431.067	102751.683	813.040731	0	0	0	0	0	3
150	19	0	0.340909091	102231.568	102025.38	101431.067	102751.683	813.040731	0	0	0	0	0	3
155	20	0	0.352272727	102295.511	102033.822	101431.067	102751.683	813.040731	0	0	0	0	0	3
160	20	0	0.363636364	102357.495	102043.63	101431.067	102751.683	813.040731	0	0	0	0	0	3
165	21	0	0.375	102418.246	102054.648	101431.067	102751.683	813.040731	0	0	0	0	0	3
170	21	0	0.386363636	102477.99	102066.744	101431.067	102751.683	813.040731	0	0	0	0	0	3
175	22	0	0.397727273	102536.58	102079.795	101431.067	102751.683	813.040731	0	0	0	0	0	3
180	23	0	0.409090909	102597.185	102093.778	101431.067	102751.683	813.040731	0	0	0	0	0	3
185	23	0	0.420454545	102658.457	102108.638	101431.067	102751.683	813.040731	0	0	0	0	0	3
190	24	0	0.431818182	102720.722	102124.333	101431.067	102751.683	813.040731	0	0	0	0	0	3
195	24	0	0.443181818	102784.674	102140.841	101431.067	102784.674	813.040731	0	0	0	0	0	3
200	25	0	0.454545455	102850.505	102158.15	101431.067	102850.505	813.040731	0	0	0	0	0	3
205	25	0	0.465909091	102918.819	102176.261	101431.067	102918.819	813.040731	0	0	0	0	0	3
210	26	0	0.477272727	102996.197	102195.329	101431.067	102996.197	813.040731	0	0	0	0	0	3
215	26	0	0.488636364	103073.954	102215.298	101431.067	103073.954	813.040731	0	0	0	0	0	3
220	27	0	0.5	103151.697	102236.107	101431.067	103151.697	813.040731	0	0	0	0	0	3
225	28	0	0.511363636	103229.406	102289.837	101538.124	103229.406	652.176553	0	0	0	0	0	3
230	28	0	0.522727273	103307.106	102323.826	101538.124	103307.106	619.856675	0	0	0	0	0	3
235	29	0	0.534090909	103384.662	102357.503	101538.124	103384.662	593.200712	0	0	0	0	0	3
240	29	0	0.545454545	103461.779	102382.042	101538.124	103461.779	617.740196	0	0	0	0	0	3
245	30	0	0.556818182	103539.304	102416.124	101538.124	103539.304	591.046411	0	0	0	0	0	3
250	30	0	0.568181818	103620.825	102453.346	101538.124	103620.825	496.65154	0	0	0	0	0	3
255	31	0	0.579545455	103701.462	102482.178	101538.124	103701.462	471.846314	0	0	0	0	0	3
260	32	0	0.590909091	103781.127	102509.097	101538.124	103781.127	498.766051	0	0	0	0	0	3
265	32	0	0.602272727	103859.878	102535.127	101538.124	103859.878	524.79619	0	0	0	0	0	3
270	33	0	0.613636364	103937.994	102562.089	101538.124	103937.994	551.757808	0	0	0	0	0	3
275	33	0	0.625	104015.991	102591.925	101538.124	104015.991	581.593385	0	0	0	0	0	3
280	34	0	0.636363636	104093.857	102626.247	101538.124	104093.857	615.915688	0	0	0	0	0	3
285	34	0	0.647727273	104171.642	102666.19	101538.124	104171.642	655.858361	0	0	0	0	0	3
290	35	0	0.659090909	104249.283	102712.386	101538.124	104249.283	702.05498	0	0	0	0	0	3
295	36	0	0.670454545	104326.438	102764.918	101538.124	104326.438	754.586908	0	0	0	0	0	3
300	36	0	0.681818182	104403.095	102801.322	101538.124	104403.095	790.990834	0	0	0	0	0	3
305	37	0	0.693181818	104479.506	102886.652	101538.124	104479.506	876.320939	0	0	0	0	0	3
310	37	0	0.704545455	104556.221	102953.918	101538.124	104556.221	943.587091	0	0	0	0	0	3
315	38	0	0.715909091	104633.364	103024.031	101538.124	104633.364	1013.6998	0	0	0	0	0	3
320	39	0	0.727272727	104711.027	103096.142	101560.964	104711.027	1085.81121	0	0	0	0	0	3
325	39	0	0.738636364	104789.204	103169.512	101613.387	104789.204	1159.1803	0	0	0	0	0	3
330	40	0	0.75	104867.306	103243.464	101685.671	104867.306	1233.133	0	0	0	0	0	3
335	40	0	0.761363636	104945.426	103317.55	101768.412	104945.426	1307.21835	0	0	0	0	0	3
340	41	0	0.772727273	105023.358	103391.526	101854.304	105023.358	1381.19437	0	0	0	0	0	3
345	41	0	0.784090909	105100.9	103429.512	101854.304	105100.9	1419.18047	0	0	0	0	0	3
350	42	0	0.795454545	105177.362	103503.357	101937.684	105177.362	1493.02618	0	0	0	0	0	3
355	42	0	0.806818182	105254.031	103577.054	102017.89	105254.031	1566.45283	0	0	0	0	0	3
360	42	0	0.818181818	105330.293	103686.048	102164.687	105330.293	1667.54117	0	0	0	0	0	3
365	43	0	0.829545455	105405.257	103759.698	102231.568	105405.257	1734.31756	0	0	0	0	0	3
370	43	0	0.840909091	105479.366	103833.511	102295.511	105479.366	1799.68956	0	0	0	0	0	3
375	44	0	0.852272727	105552.061	103907.524	102357.495	105552.061	1863.89378	0	0	0	0	0	3
380	44	0	0.863636364	105623.627	103981.754	102418.246	105623.627	1927.10595	0	0	0	0	0	3
385	45	0	0.875	105692.738	104056.174	102477.99	105692.738	1989.43075	0	0	0	0	0	3
390	45	0	0.886363636	105761.399	104130.797	102536.58	105761.399	2051.00266	0	0	0	0	0	3
395	46	0	0.897727273	105828.258	104205.608	102597.185	105828.258	2111.82999	0	0	0	0	0	3
400	46	0	0.909090909	105892.859	104243.103	102597.185	105892.859	2149.32444	0	0	0	0	0	3
405	47	0	0.920454545	105955.472	104317.731	102658.457	105955.472	2209.0931	0	0	0	0	0	3
410	47	0	0.931818182	106016.446	104392.353	102720.722	106016.446	2268.02062	0	0	0	0	0	3
415	48	0	0.943181818	106075.158	104505.129	102850.505	106075.158	2346.97857	0	0	0	0	0	3
420	48	0	0.954545455	106126.245	104579.577	102918.819	106126.245	2403.31605	0	0	0	0	0	3
425	49	0	0.965909091	106173.472	104653.547	102996.197	106173.472	2458.21716	0	0	0	0	0	3
430	49	0	0.977272727	106217.339	104726.754	103073.954	106217.339	2511.4562	0	0	0	0	0	3
435	50	0	0.988636364	106258.868	104799.139	103151.697	106258.868	2563.03174	0	0	0	0	0	3
440	50	0	1	106299.71	104870.685	103229.406	106299.71	2580.84807	714.237827	0	0	0	0	3
445	51	0	1.01136364	106333.588	104941.234	103307.106	106333.588	2617.408	719.319626	0	0	0	0	3
450	51	0	1.02272727	106367.976	105010.799	103384.662	106367.976	2653.2968	721.898701	0	0	0	0	3
455	52	0	1.03409091	106396.472	105079.25	103461.779	106396.472	2697.20755	724.183187	0	0	0	0	3
460	52	0	1.04545455	106422.779	105146.545	103539.304	106422.779	2730.4214	726.311955	0	0	0	0	3
465	52	0	1.05681818	106446.596	105212.62	103620.825	106446.596	2759.27434	728.303716	0	0	0	0	3
470	53	0	1.06818182	106470.873	105240.581	103620.825	106470.873	2787.23553	730.23849	0	0	0	0	3
475	53	0	1.07954545	106494.722	105340.877	103781.127	106494.722	2713.59509	732.131512	0	0	0	0	3
480	54	0	1.09090909	106512.918	105366.922	103781.127	106512.918	2731.79073	733.892446	0	0	0	0	3
485	54	0	1.10227273	106533.958	105463.738	103937.994	106533.958	2595.96383	735.612734	0	0	0	0	3
490	55	0	1.11363636	106551.223	105487.904	103937.994	106551.223	2613.22871	737.247937	0	0	0	0	3
495	55	0	1.125	106569.658	105581.167	104093.857	106569.658	2475.80141	738.837219	0	0	0	0	3
500	56	0	1.13636364	106582.603	105637.729	104171.642	106582.603	2410.96048	740.323434	0	0	0	0	3
505	56	0	1.14772727	106597.862	105692.871	104249.283	106597.862	2348.57846	741.757061	0	0	0	0	3
510	57	0	1.15909091	106614.307	105746.621	104326.438	106614.307	2287.86896	743.162088	0	0	0	0	3
515	57	0	1.17045455	106628.366	105798.938	104403.095	106628.366	2225.27153	744.520369	0	0	0	0	3
520	58	0	1.18181818	106642.386	105849.831	104479.506	106642.386	2162.87978	745.840301	0	0	0	0	3
525	58	0	1.19318182	106654.521	105867.713	104479.506	106654.521	2175.01416	747.112016	0	0	0	0	3
530	59	0	1.20454545	106670.095	105947.306	104633.364	106670.095	2036.73056	748.372212	0	0	0	0	3
535	59	0	1.21590909	106687.243	105963.749	104633.364	106687.243	2053.87894	749.635138	0	0	0	0	3
540	60	0	1.22727273	106703.414	106039.266	104789.204	106703.414	1914.21007	750.721754	0	0	0	0	3
545	60	0	1.23863636	106719.168	106054.375	104789.204	106719.168	1929.96408	751.817412	0	0	0	0	3
550	61	0	1.25	106734.215	106125.559	104945.426	106734.215	1788.78891	752.065787	0	0	0	0	3
555	61	0	1.26136364	106746.901	106166.501	105023.358	106746.901	1723.54393	751.835681	0	0	0	0	3
560	62	0	1.27272727	106759.315	106205.955	105100.9	106759.315	1658.41571	751.165513	0	0	0	0	3
565	62	0	1.28409091	106772.247	106243.94	105177.362	106772.247	1594.88569	750.126276	0	0	0	0	3
570	62	0	1.29545455	106786.766	106280.518	105254.031	106786.766	1532.73484	748.788011	0	0	0	0	3
575	63	0	1.30681818	106800.408	106315.662	105330.293	106800.408	1470.11497	747.203502	0	0	0	0	3
580	63	0	1.31818182	106815.088	106326.761	105330.293	106815.088	1484.7952	745.430522	0	0	0	0	3
585	64	0	1.32954545	106831.096	106381.813	105479.366	106831.096	1351.72947	743.516682	0	0	0	0	3
590	64	0	1.34090909	106842.945	106392.061	105479.366	106842.945	1363.57859	741.469962	0	0	0	0	3
595	65	0	1.35227273	106853.969	106442.392	105623.627	106853.969	1230.34196	739.308709	0	0	0	0	3
600	65	0	1.36363636	106865.729	106451.8	105623.627	106865.729	1242.10172	737.337658	0	0	0	0	3
605	66	0	1.375	106877.596	106497.551	105761.399	106877.596	1116.19729	734.992302	0	0	0	0	3
610	66	0	1.38636364	106889.187	106523.182	105828.258	106889.187	1060.92907	732.577557	0	0	0	0	3
615	67	0	1.39772727	106900.572	106547.553	105892.859	106900.572	1007.71323	730.089857	0	0	0	0	3
620	67	0	1.40909091	106910.044	106570.671	105955.472	106910.044	954.572125	727.524533	0	0	0	0	3
625	68	0	1.42045455	106917.121	106592.526	106016.446	106917.121	900.674505	724.874132	0	0	0	0	3
630	68	0	1.43181818	106926.088	106613.2	106075.158	106926.088	850.930116	722.146186	0	0	0	0	3
635	69	0	1.44318182	106935.393	106620.36	106075.158	106935.393	860.235479	719.340728	0	0	0	0	3
640	69	0	1.45454545	106945.17	106651.363	106173.472	106945.17	771.69763	716.456025	0	0	0	0	3
645	70	0	1.46590909	106952.211	106658.048	106173.472	106952.211	778.738686	714.237827	0	0	0	0	3
650	70	0	1.47727273	106960.641	106685.955	106258.868	106960.641	701.773309	714.237827	0	0	0	0	3
